0 0 0
0 0.07395 100
0 0.1479 100
0 0.22185 100
0 0.2958 100
0 0.36975 100
0 0.4437 100
0 0.51765 100
0 0.5916 100
0 0.66555 100
0 0.7395 100
0 0.81345 100
0 0.8874 100
0 0.96135 100
0 1.0353 100
0 1.10925 100
0 1.1832 100
0 1.25715 100
0 1.3311 100
0 1.40505 0

0.07395 0 0
0.07395 0.07395 49.6879
0.07395 0.1479 69.1362
0.07395 0.22185 78.1048
0.07395 0.2958 82.8505
0.07395 0.36975 85.6199
0.07395 0.4437 87.3289
0.07395 0.51765 88.3948
0.07395 0.5916 89.023
0.07395 0.66555 89.3158
0.07395 0.7395 89.3164
0.07395 0.81345 89.0246
0.07395 0.8874 88.3973
0.07395 0.96135 87.3321
0.07395 1.0353 85.6235
0.07395 1.10925 82.8542
0.07395 1.1832 78.1082
0.07395 1.25715 69.1389
0.07395 1.3311 49.6894
0.07395 1.40505 0

0.1479 0 0
0.1479 0.07395 29.6162
0.1479 0.1479 48.7535
0.1479 0.22185 60.4343
0.1479 0.2958 67.6795
0.1479 0.36975 72.3029
0.1479 0.4437 75.3038
0.1479 0.51765 77.2304
0.1479 0.5916 78.3846
0.1479 0.66555 78.9272
0.1479 0.7395 78.9282
0.1479 0.81345 78.3876
0.1479 0.8874 77.2352
0.1479 0.96135 75.31
0.1479 1.0353 72.3099
0.1479 1.10925 67.6867
0.1479 1.1832 60.4409
0.1479 1.25715 48.7587
0.1479 1.3311 29.6191
0.1479 1.40505 0

0.22185 0 0
0.22185 0.07395 20.0247
0.22185 0.1479 35.8295
0.22185 0.22185 47.2024
0.22185 0.2958 55.1342
0.22185 0.36975 60.6125
0.22185 0.4437 64.3578
0.22185 0.51765 66.8434
0.22185 0.5916 68.363
0.22185 0.66555 69.0853
0.22185 0.7395 69.0868
0.22185 0.81345 68.3675
0.22185 0.8874 66.8504
0.22185 0.96135 64.3668
0.22185 1.0353 60.6227
0.22185 1.10925 55.1446
0.22185 1.1832 47.212
0.22185 1.25715 35.837
0.22185 1.3311 20.029
0.22185 1.40505 0

0.2958 0 0
0.2958 0.07395 14.6547
0.2958 0.1479 27.3406
0.2958 0.22185 37.4158
0.2958 0.2958 45.0473
0.2958 0.36975 50.661
0.2958 0.4437 54.6779
0.2958 0.51765 57.4291
0.2958 0.5916 59.1459
0.2958 0.66555 59.9713
0.2958 0.7395 59.9732
0.2958 0.81345 59.1516
0.2958 0.8874 57.4381
0.2958 0.96135 54.6895
0.2958 1.0353 50.6741
0.2958 1.10925 45.0606
0.2958 1.1832 37.428
0.2958 1.25715 27.3502
0.2958 1.3311 14.6602
0.2958 1.40505 0

0.36975 0 0
0.36975 0.07395 11.2559
0.36975 0.1479 21.466
0.36975 0.22185 30.0781
0.36975 0.2958 36.9844
0.36975 0.36975 42.3135
0.36975 0.4437 46.2717
0.36975 0.51765 49.0577
0.36975 0.5916 50.8287
0.36975 0.66555 51.6895
0.36975 0.7395 51.6918
0.36975 0.81345 50.8355
0.36975 0.8874 49.0685
0.36975 0.96135 46.2854
0.36975 1.0353 42.3291
0.36975 1.10925 37.0003
0.36975 1.1832 30.0927
0.36975 1.25715 21.4774
0.36975 1.3311 11.2625
0.36975 1.40505 0

0.4437 0 0
0.4437 0.07395 8.90636
0.4437 0.1479 17.1951
0.4437 0.22185 24.4543
0.4437 0.2958 30.5084
0.4437 0.36975 35.3484
0.4437 0.4437 39.0501
0.4437 0.51765 41.715
0.4437 0.5916 43.4358
0.4437 0.66555 44.28
0.4437 0.7395 44.2827
0.4437 0.81345 43.4434
0.4437 0.8874 41.7269
0.4437 0.96135 39.0655
0.4437 1.0353 35.3657
0.4437 1.10925 30.5261
0.4437 1.1832 24.4705
0.4437 1.25715 17.2079
0.4437 1.3311 8.9137
0.4437 1.40505 0

0.51765 0 0
0.51765 0.07395 7.17736
0.51765 0.1479 13.9585
0.51765 0.22185 20.0419
0.51765 0.2958 25.2544
0.51765 0.36975 29.5307
0.51765 0.4437 32.8755
0.51765 0.51765 35.3268
0.51765 0.5916 36.9303
0.51765 0.66555 37.7233
0.51765 0.7395 37.7261
0.51765 0.81345 36.9385
0.51765 0.8874 35.3397
0.51765 0.96135 32.892
0.51765 1.0353 29.5494
0.51765 1.10925 25.2734
0.51765 1.1832 20.0594
0.51765 1.25715 13.9723
0.51765 1.3311 7.18527
0.51765 1.40505 0

0.5916 0 0
0.5916 0.07395 5.84773
0.5916 0.1479 11.4247
0.5916 0.22185 16.5075
0.5916 0.2958 20.9448
0.5916 0.36975 24.6542
0.5916 0.4437 27.605
0.5916 0.51765 29.7978
0.5916 0.5916 31.247
0.5916 0.66555 31.9684
0.5916 0.7395 31.9713
0.5916 0.81345 31.2556
0.5916 0.8874 29.8114
0.5916 0.96135 27.6223
0.5916 1.0353 24.6738
0.5916 1.10925 20.9648
0.5916 1.1832 16.5258
0.5916 1.25715 11.4391
0.5916 1.3311 5.85602
0.5916 1.40505 0

0.66555 0 0
0.66555 0.07395 4.79214
0.66555 0.1479 9.39026
0.66555 0.22185 13.6257
0.66555 0.2958 17.3718
0.66555 0.36975 20.5462
0.66555 0.4437 23.1035
0.66555 0.51765 25.0242
0.66555 0.5916 26.3037
0.66555 0.66555 26.9439
0.66555 0.7395 26.9469
0.66555 0.81345 26.3125
0.66555 0.8874 25.038
0.66555 0.96135 23.1212
0.66555 1.0353 20.5663
0.66555 1.10925 17.3923
0.66555 1.1832 13.6444
0.66555 1.25715 9.40502
0.66555 1.3311 4.80062
0.66555 1.40505 0

0.7395 0 0
0.7395 0.07395 3.93386
0.7395 0.1479 7.72388
0.7395 0.22185 11.2404
0.7395 0.2958 14.3794
0.7395 0.36975 17.0655
0.7395 0.4437 19.2497
0.7395 0.51765 20.9034
0.7395 0.5916 22.012
0.7395 0.66555 22.5689
0.7395 0.7395 22.5719
0.7395 0.81345 22.0207
0.7395 0.8874 20.9173
0.7395 0.96135 19.2674
0.7395 1.0353 17.0855
0.7395 1.10925 14.3998
0.7395 1.1832 11.2591
0.7395 1.25715 7.73863
0.7395 1.3311 3.94234
0.7395 1.40505 0

0.81345 0 0
0.81345 0.07395 3.2238
0.81345 0.1479 6.33841
0.81345 0.22185 9.24289
0.81345 0.2958 11.8524
0.81345 0.36975 14.1014
0.81345 0.4437 15.9427
0.81345 0.51765 17.3452
0.81345 0.5916 18.2898
0.81345 0.66555 18.7658
0.81345 0.7395 18.7687
0.81345 0.81345 18.2981
0.81345 0.8874 17.3584
0.81345 0.96135 15.9596
0.81345 1.0353 14.1205
0.81345 1.10925 11.8719
0.81345 1.1832 9.26074
0.81345 1.25715 6.35246
0.81345 1.3311 3.23188
0.81345 1.40505 0

0.8874 0 0
0.8874 0.07395 2.62601
0.8874 0.1479 5.16801
0.8874 0.22185 7.54693
0.8874 0.2958 9.6942
0.8874 0.36975 11.5542
0.8874 0.4437 13.0848
0.8874 0.51765 14.2558
0.8874 0.5916 15.0473
0.8874 0.66555 15.4472
0.8874 0.7395 15.4498
0.8874 0.81345 15.0551
0.8874 0.8874 14.2681
0.8874 0.96135 13.1005
0.8874 1.0353 11.572
0.8874 1.10925 9.71232
0.8874 1.1832 7.56353
0.8874 1.25715 5.18108
0.8874 1.3311 2.63352
0.8874 1.40505 0

0.96135 0 0
0.96135 0.07395 2.11505
0.96135 0.1479 4.16525
0.96135 0.22185 6.08873
0.96135 0.2958 7.83064
0.96135 0.36975 9.34512
0.96135 0.4437 10.5959
0.96135 0.51765 11.556
0.96135 0.5916 12.2067
0.96135 0.66555 12.536
0.96135 0.7395 12.5384
0.96135 0.81345 12.2137
0.96135 0.8874 11.5671
0.96135 0.96135 10.6101
0.96135 1.0353 9.36117
0.96135 1.10925 7.84702
0.96135 1.1832 6.10374
0.96135 1.25715 4.17707
0.96135 1.3311 2.12184
0.96135 1.40505 0

1.0353 0 0
1.0353 0.07395 1.67148
1.0353 0.1479 3.29328
1.0353 0.22185 4.81753
1.0353 0.2958 6.20115
1.0353 0.36975 7.4073
1.0353 0.4437 8.40611
1.0353 0.51765 9.17463
1.0353 0.5916 9.69644
1.0353 0.66555 9.96099
1.0353 0.7395 9.96311
1.0353 0.81345 9.7026
1.0353 0.8874 9.18433
1.0353 0.96135 8.41853
1.0353 1.0353 7.42134
1.0353 1.10925 6.21548
1.0353 1.1832 4.83066
1.0353 1.25715 3.30362
1.0353 1.3311 1.67742
1.0353 1.40505 0

1.10925 0 0
1.10925 0.07395 1.27977
1.10925 0.1479 2.52235
1.10925 0.22185 3.69166
1.10925 0.2958 4.75483
1.10925 0.36975 5.68339
1.10925 0.4437 6.45378
1.10925 0.51765 7.04758
1.10925 0.5916 7.45133
1.10925 0.66555 7.65628
1.10925 0.7395 7.65805
1.10925 0.81345 7.4565
1.10925 0.8874 7.05571
1.10925 0.96135 6.46419
1.10925 1.0353 5.69516
1.10925 1.10925 4.76685
1.10925 1.1832 3.70266
1.10925 1.25715 2.53102
1.10925 1.3311 1.28475
1.10925 1.40505 0

1.1832 0 0
1.1832 0.07395 0.927805
1.1832 0.1479 1.82907
1.1832 0.22185 2.6779
1.1832 0.2958 3.45057
1.1832 0.36975 4.12626
1.1832 0.4437 4.68759
1.1832 0.51765 5.12076
1.1832 0.5916 5.41559
1.1832 0.66555 5.56536
1.1832 0.7395 5.56671
1.1832 0.81345 5.41952
1.1832 0.8874 5.12695
1.1832 0.96135 4.69551
1.1832 1.0353 4.13521
1.1832 1.10925 3.4597
1.1832 1.1832 2.68627
1.1832 1.25715 1.83566
1.1832 1.3311 0.931593
1.1832 1.40505 0

1.25715 0 0
1.25715 0.07395 0.603693
1.25715 0.1479 1.19029
1.25715 0.22185 1.74307
1.25715 0.2958 2.2466
1.25715 0.36975 2.68731
1.25715 0.4437 3.05374
1.25715 0.51765 3.33673
1.25715 0.5916 3.52947
1.25715 0.66555 3.62742
1.25715 0.7395 3.62833
1.25715 0.81345 3.5321
1.25715 0.8874 3.34088
1.25715 0.96135 3.05906
1.25715 1.0353 2.69332
1.25715 1.10925 2.25273
1.25715 1.1832 1.74868
1.25715 1.25715 1.19471
1.25715 1.3311 0.606234
1.25715 1.40505 0

1.3311 0 0
1.3311 0.07395 0.297495
1.3311 0.1479 0.586615
1.3311 0.22185 0.859145
1.3311 0.2958 1.1075
1.3311 0.36975 1.32497
1.3311 0.4437 1.50587
1.3311 0.51765 1.64564
1.3311 0.5916 1.74087
1.3311 0.66555 1.78928
1.3311 0.7395 1.78973
1.3311 0.81345 1.74218
1.3311 0.8874 1.64771
1.3311 0.96135 1.50853
1.3311 1.0353 1.32797
1.3311 1.10925 1.11056
1.3311 1.1832 0.861948
1.3311 1.25715 0.588823
1.3311 1.3311 0.298764
1.3311 1.40505 0

1.40505 0 0
1.40505 0.07395 0
1.40505 0.1479 0
1.40505 0.22185 0
1.40505 0.2958 0
1.40505 0.36975 0
1.40505 0.4437 0
1.40505 0.51765 0
1.40505 0.5916 0
1.40505 0.66555 0
1.40505 0.7395 0
1.40505 0.81345 0
1.40505 0.8874 0
1.40505 0.96135 0
1.40505 1.0353 0
1.40505 1.10925 0
1.40505 1.1832 0
1.40505 1.25715 0
1.40505 1.3311 0
1.40505 1.40505 0

