  2   0   0   3   3   3   3   3   3   3   0   0   0   4   4   0   0   0   0   0   5   5   5   5   0   0   6   6   6   0   6   0   6   6   0   7   7   7   7   0   8   8   0   9   0  10  10   0  11  11  11   0  12   0  13   0  14   0  15  15  15   0  16  16  16   0   0  17   0   0   0  18   0   0  19  19   0  20  20   0  20  20  20   0   0  20  20  20   0   0  21  21   0  21  21  21   0  22   0  23   0   0   0   0  24  24   0  20   0  25  25  25  25   0  26  26  26   0   0   0  27   0  27  27  27   0  28   0
  0  29   0   0   0   0   0   0   0   3   3   0   0   0   4   0   0   0  30   0   0   5   0   0   6   6   6   6   6   0   6   6   6   6   6   0   7   7   0   0   0   8   0   0   0   0   0   0  11  11  11   0  12  12   0   0   0   0  15  15   0  16  16  16  16   0  31   0   0  18  18  18  18   0  19  19   0   0  20  20  20   0  20  20  20  20   0  20   0   0  21   0   0  21  21   0  22  22   0   0   0   0   0  32   0   0   0  20  20   0   0   0   0   0  26   0   0  20  20   0  27  27  27  27   0  33   0  34
 35   0   0  36   0   3   3   3   0   3   0   3   3   0   4   0  30   0  30   0   0   5   5   0   6   6   6   0   6   0   6   6   6   6   6   0   0   0  37  37  37   0   0  37  37   0   0  11  11  11  11  11   0   0  38  38  38   0  15  15   0   0  16   0   0  39   0  40   0  18  18  18  18   0  19   0   0   0   0   0  20  20  20   0  20  20  20  20  20   0  21  21  21  21   0  22  22  22   0   0  41   0  20   0  42   0  20  20   0  20   0  20  20   0  26   0  20  20  20   0   0  27   0  27   0   0  43   0
  0  44   0  36  36   0   0   3   3   3   3   3   0  30   0   0  30  30  30  30   0   5   5   0   0   0   0   6   6   0   6   6   6   6   6   0   0  37  37   0  37   0   0  37  37  37   0   0   0   0   0   0   0  37   0   0   0   0  15   0  37   0   0  37  37   0   0   0   0   0  18  18   0  19  19   0   0  20  20  20  20  20  20   0  20  20   0   0   0   0  21   0  21   0  21   0   0   0   0   0  41   0  20  20   0  20  20  20  20  20   0   0  20  20   0  20  20   0   0  20  20   0  45   0  46  46   0   0
  0   0  47   0  36   0   3   3   0   0   0   0  30  30  30  30  30   0   0  30   0   5   5   5   5   0   6   0   6   0   6   6   6   6   0  48   0  37   0   0  37  37   0  37  37   0   0   0  37  37   0   0  37  37  37  37   0  37   0   0  37  37   0  37   0   0   0   0   0  18  18  18   0  19  19   0  20  20  20   0  20   0  20   0   0  20   0  49  49   0   0  21  21   0  21  21  21  21   0  50   0  20  20  20  20   0  20   0   0  20  20  20  20  20   0   0  20  20  20   0  20   0   0  51   0  46   0  20
 52   0   0   3   0   3   3   3   0   0   0  30  30  30  30  30   0  53  53   0   5   5   0   0   0   6   6   0   6   6   6   6   6   6   0   0  37  37  37  37  37  37  37  37  37   0  37   0  37  37  37  37   0  37   0  37  37  37  37  37  37  37  37  37   0   0  54  54   0   0   0   0   0   0  19   0  20   0  20   0   0  55   0  20  20   0  56   0   0   0   0   0  21   0   0  21  21   0  20   0   0   0  20   0  20  20  20  20  20  20  20  20  20  20  20  20   0   0  20  20  20  20   0   0  57   0  20  20
 52   0   0   3   0   3   0   3   3   3   0  30   0  30   0   0   0   0   0   0   0   0  58  58   0   0   6   6   6   0   0   6   0   0  59   0  37  37  37  37  37   0  37  37  37  37  37  37  37   0  37  37  37  37   0   0   0  37  37   0  37   0  37   0  54  54  54   0  60  60   0   0   0   0   0   0   0  20  20  20  20   0  20  20  20  20   0   0  20  20  20   0  21  21  21  21  21   0  20  20  20  20  20  20  20  20   0  20   0   0  20   0  20  20   0  20   0  20  20  20  20   0  20  20   0  20  20  20
  0   3   3   3   3   3   3   3   0   0   3   0  30  30   0   0   0   0   3   3   3   3   0   0   0  61   0   0   6   6   6   0   6   0   0   0   0  37  37   0   0   0  37   0  37  37  37   0  37  37   0   0  37   0  62   0  37  37  37   0   0   0   0   0   0  54   0   0   0  60  60  60  60   0  20  20  20  20   0  20  20  20  20   0   0   0   0  20   0  20  20  20   0  21  21  21  21   0   0   0  20   0  20  20   0  20   0  20   0  63   0  20  20   0  20  20  20  20   0  20   0  20   0  20  20  20  20  20
  0   3   3   3   3   3   0   3   0   3   3   0  30  30   0  64   0   3   3   3   3   3   0   0  65   0   6   6   6   6   6   6   6   0   0   0   0   0  37  37   0   0  37  37   0  37   0  37  37   0   0   0   0   0  62  62   0  37   0  54   0  54   0   0   0  54  54  54  54   0   0   0   0   0   0   0  20   0  20  20  20  20   0  20  20  20  20  20  20   0  20  20  20   0   0  21   0   0  20   0   0   0   0  20   0   0  20  20   0   0   0   0   0  20   0  20   0  20  20  20  20  20   0  20   0   0  20   0
  3   0   3   0   3   3   3   3   0   3   3   0   0  30  30   0   0   3   3   3   0   0   6   0   0   0   6   6   0   6   0   0   0   6   0   0   0  37  37   0   0  37  37   0  66   0  37  37   0   0  67   0  67  67   0   0  37  37   0  54  54  54   0  54  54  54  54  54   0   0   0   0  54  54  54   0   0   0  20  20  20  20  20  20   0  20  20  20  20  20  20   0   0  20   0   0  20  20  20   0   0   0   0   0   0  20  20   0   0  68   0   0   0  20   0   0  20  20  20  20  20  20  20  20   0  20  20   0
  3   3   0   3   3   0   0   3   3   3   3   3   0   0   0   0   3   3   0   0   0   6   6   6   0   0   0   6   0   6   0   0   6   6   0   6   0   0   0  69   0  37   0   0   0   0   0   0  70   0  67  67  67  67   0   0  37  37   0  54  54   0  54  54  54   0   0  54  54  54  54  54  54  54   0   0   0  54   0   0  20  20  20   0   0  20  20  20  20  20  20   0  20  20  20  20  20   0   0  20  20   0  20  20   0   0  20  20   0  68   0  71   0  20  20   0  20  20   0   0   0   0  20  20   0  20  20  20
  0   3   3   3   0   3   3   3   3   3   3   3   3   3   3   3   3   0   0   0   0   6   6   6   0   0   6   6   6   0   0   0   0   6   0   6   0  72  72   0  37  37   0   0  73  73  73   0   0  67  67  67  67   0  37  37  37  37  37   0  54  54   0   0   0  54  54   0  54   0  54  54  54   0   0   0  54  54   0   0  20   0   0  74   0   0  20  20   0  20  20  20  20   0  20  20  20  20  20   0  20  20  20   0   0  75   0  20   0   0  20   0  20  20  20   0  20   0  20  20  20  20  20  20  20  20  20  20
  0   3   3   0  76   0   0   0   3   0   0   3   3   3   3   3   0   0   6   6   6   6   0   0  77   0   6   6   6   6   6   6   6   6   6   6   6   0   0   0  37  37   0  78   0   0   0   0  67  67  67  67   0  37  37   0  37   0   0  54  54  54  54  54  54  54  54  54  54  54  54  54  54  54  54  54  54  54  54   0   0   0  54   0  79  79   0   0  20   0   0  20   0   0  20  20  20   0   0  20  20  20  20   0  20   0   0  20  20  20  20  20  20   0   0   0   0  20  20  20  20   0   0  20   0  20   0  20
 80   0   0  76  76   0  76  76   0   0   0   3   0   3   0   3   0   0   6   6   6   0   0  77  77  77   0   6   6   0   0   0   6   6   0   6   0   0  37  37   0  37  37   0  81  81  81   0  67  67  67   0  37  37   0   0   0  54  54  54  54   0  54  54   0  54   0   0   0  54  54  54   0   0  54   0  54  54  54  54  54   0  54  54   0   0   0  20  20  20  20  20   0  20   0  20  20  20  20  20  20   0  20   0  20  20  20  20  20  20  20  20   0   0   0   0   0   0   0  20   0  20  20  20  20  20  20   0
  0   0  82   0  76  76  76   0   0   0  83   0   0   3   3   3   0   0   0   6   6   6   0   0   0   0   6   6   6   0   6   6   6   6   6   0  84   0   0  37  37  37   0  81  81  81  81  81   0  67   0  37  37  37  37   0  54  54   0  54  54  54   0  54  54   0   0  54  54  54  54  54  54  54  54   0  54  54   0  54  54   0  54  54   0   0  20  20  20  20   0  20   0  20  20  20  20   0  20  20   0   0  20  20  20   0  20   0   0  20   0   0  85   0   0   0   0  86  86   0  20  20  20  20  20  20   0  87
  0   0   0  76  76  76   0   0  88  88   0  89   0   3   0   3   3   0   0   0   6   0   6   6   6   0   0   6   6   6   0   6   0   6   0   6   0   0  37  37   0  37   0   0   0  81   0   0  67  67  67   0  37  37  37  37   0  54   0  54   0   0   0  54   0   0   0  54   0  54  54  54   0   0   0   0  54   0   0  54   0  54  54   0  54   0  20  20   0  20   0  20  20  20   0   0  20  20   0   0  20   0  20   0  20  20  20  20   0  20  20  20   0  20  20   0  90   0  86   0   0  20  20  20   0   0   0   0
 91  91   0   0  76   0  92  92   0   0   0   0   0   3   0   3   0   6   6   6   6   6   0   0   6   6   6   0   0   6   6   0   6   6   6   6   0  93   0   0  37  37  37   0   0   0   0  67  67  67  67   0  37  37  37  37   0  54  54   0   0   0  54  54   0   0   0   0  54  54  54  54  54  54  54  54   0   0   0   0   0  54  54  54  54   0   0   0  94   0   0   0  20  20  20  20  20  20  20  20  20   0  20   0   0  20   0  20  20  20   0  20  20  20  20   0  90   0  86   0  95   0  20  20  20  20   0   0
  0   0   0   0   0  92  92  92   0   3   3   3   3   3   3   0   0   6   6   6   6   6   0   0   6   6   0   0   6   0   0   0   6   6   0   6   6   0  96   0   0  37   0  97  97  97  97   0  67   0  67   0  37   0   0   0  54  54   0   0   0   0   0  54   0   0  54   0  54  54  54  54  54  54  54   0   0  54   0   0  54  54  54   0  54  54   0  94  94   0  94   0   0  20  20   0   0  20  20  20  20  20   0  98   0   0  20   0  20  20   0  20  20   0   0   0   0   0   0   0   0   0   0  20   0   0   0   0
 99  99  99  99  99   0  92   0   3   3   3   3   3   0   0 100   0   6   0   0   6   6   0   6   6   0   0   6   6   6   6   6   6   0   6   6   0 101   0  37  37  37   0  97  97  97  97   0   0  97   0  37  37  37   0 102   0  54   0  54   0   0  54  54  54   0  54  54  54  54  54   0  54  54   0   0   0  54   0  54   0  54  54   0  54  54   0  94  94  94  94  94  94   0  20   0  20  20   0  20  20  20   0   0   0  20  20  20  20   0   0   0   0   0 103 103   0   0  20   0  20  20   0  20  20  20  20   0
 99  99  99  99  99  99   0   0   3   0   0   3   3   0   0   0   0   0   0   0   0   6   6   6   0   0   6   6   0   6   0   6   6   6   6   6   6   0   0   0   0   0 104   0  97   0  97  97  97  97   0  37   0   0 102 102   0   0  54  54  54  54  54  54   0  54  54  54  54   0  54  54  54   0 105   0   0  54  54  54  54  54   0 106   0  54   0   0  94  94   0  94  94  94   0 107   0   0 108   0  20  20  20  20  20  20   0   0  20  20  20  20  20   0 103   0  20  20  20  20  20  20   0  20  20  20  20  20
 99  99  99  99  99   0   3   3   3   0   0   3   3   3   0   6   6   0   0   0   0   0   6   6   6   0   0   6   6   6   0   6   6   0   6   6   6   6   0   0   0   0   0   0  97  97   0   0  97  97  97   0   0 109   0 102   0  54   0  54   0  54   0  54  54   0  54  54  54   0  54  54   0   0 105   0   0  54  54   0  54  54   0 106   0   0   0  94  94   0   0  94   0  94   0 107 107   0   0   0  20  20  20   0  20   0  20  20  20  20  20   0  20  20   0 110   0   0  20   0   0  20  20   0  20  20  20  20
  0   0  99   0  99  99   0   3   3   3   0   0   3   0   6   6   0 111   0   0 112 112   0   0   6   6   6   6   0   6   6   0   6   6   6   6   6   0   6   0   0  54  54   0  97   0 113   0   0   0   0 114 114   0   0   0  54  54   0  54   0   0   0  54  54   0  54  54  54  54  54   0   0   0 105 105 105   0  54   0  54   0   0   0  94  94   0   0  94   0  94   0   0  94   0 107   0  20   0   0   0  20  20   0   0  20  20  20   0  20  20   0  20  20   0   0 115   0   0  20   0  20  20  20   0  20  20  20
 99  99  99  99   0  99  99   0   3   3   0   0   3   0   6   6   0   0 112 112 112 112   0   6   0   6   6   6   0   0   6   0   6   6   6   0   6   6   6   0  54  54   0   0  97   0 113   0   0   0   0   0   0   0  54  54  54   0  54  54   0  54  54  54   0  54   0  54  54   0   0   0   0 105 105 105   0  54  54   0  54  54  54   0  94  94  94  94  94  94  94   0  94  94  94   0   0  20  20  20  20  20  20   0   0   0   0   0  20   0   0   0  20  20  20  20   0 116   0  20  20  20  20  20  20  20   0  20
 99  99   0  99  99  99  99  99   0   3   0   0   0   0   6   0 117 117   0   0   0   0   0   6   6   6   6   0   0   0   6   6   6   6   6   6   6   0   0   0  54  54   0  54   0   0 113 113   0 118   0   0  54  54  54  54  54   0  54   0   0  54  54   0  54  54  54  54  54   0 119   0   0 105   0   0  54  54  54   0  54   0   0  94  94  94  94  94  94  94  94  94  94   0  94  94   0   0  20  20  20  20   0  20   0  20  20  20  20   0   0 120   0   0  20  20   0   0  20  20  20   0  20   0  20   0  20  20
 99   0   0  99  99   0   0  99   0   0   0 121   0   0   6   6   0   0   6   0   6   0   6   6   6   0   6   0   6   6   6   0   0   6   6   0   0 122 122   0   0  54   0  54  54   0 113   0  54   0  54   0  54   0   0  54  54  54  54  54  54  54   0   0  54  54   0  54   0  54   0   0   0   0 123   0  54  54  54   0  54   0 124   0   0   0   0   0   0   0   0  94   0  94  94   0   0 125   0   0  20  20  20  20  20  20  20   0  20   0  20   0 126   0  20  20  20  20  20   0  20   0  20  20  20  20   0   0
 99   0 127   0  99  99  99  99   0 121 121 121 121   0   0   6   6   6   6   6   6   6   0   0   0   6   0   6   6   6   6   6   6   6   6   6   0 122 122 122   0  54   0  54  54  54   0  54  54  54  54  54  54   0   0  54  54  54   0  54   0   0 128   0   0  54   0  54   0  54  54  54  54   0   0  54   0   0  54  54  54  54   0   0  54   0   0  94  94  94  94  94   0  94   0   0 125 125   0   0   0  20   0   0  20  20  20  20  20  20  20  20   0   0  20  20  20   0  20  20   0  20  20  20   0   0   0   0
 99  99   0  99   0  99  99   0 121 121 121 121 121   0   0   6   0   0   0   6   6   6   6   6   6   6   6   6   6   6   0   6   6   6   0   6   0 122 122   0  54  54  54  54   0  54  54  54   0  54  54   0  54  54   0  54  54  54  54  54  54   0 128   0   0  54   0   0  54  54   0   0   0   0   0  54   0  54   0  54  54  54   0   0  54  54   0  94  94  94   0   0 129   0 130 130   0 125 125   0   0   0  20  20   0  20  20  20   0   0  20  20   0   0   0  20   0 131   0   0  20  20   0   0 132 132   0 133
 99   0  99  99  99  99   0   0 121   0 121 121 121 121 121   0 121   0   0   6   0   6   6   6   6   6   0   6   0   6   0   6   0   6   6   0 122 122   0  54  54   0  54   0 134   0   0  54   0  54   0   0   0  54  54   0   0  54  54   0  54   0   0   0  54   0   0  54  54  54  54   0  54   0  54  54  54  54  54  54  54  54  54  54  54  54   0   0   0   0 135   0 129 129   0 130   0 125   0   0 129   0  20  20  20  20  20  20  20   0  20   0 136   0 137   0   0 131 131 131   0   0   0 138   0   0 133 133
  0   0   0   0   0   0 121 121 121 121   0 121 121   0   0   0 121 121 121   0   0   0   6   0   0   0   0   6   0   0   0   0   6   6   0   0 122 122 122   0  54  54   0   0 134 134 134   0 139   0 139 139 139   0  54   0   0  54  54  54   0  54  54  54  54  54  54  54  54  54  54  54  54  54  54   0  54   0  54  54   0  54  54  54  54  54  54  54   0 135 135   0 129 129   0 130   0   0 129 129 129   0   0  20  20   0   0  20   0  20  20  20   0   0   0   0 131 131 131   0 138 138 138 138 138   0   0   0
140   0 141 141   0 141   0   0   0 121   0   0 121 121 121 121 121   0 121 121   0 142   0   0   6   6   0   6   6   0   0   0   6   6   6   0 122   0   0   0  54   0 143   0 134 134 134   0 139 139 139 139 139   0   0  54  54  54  54  54  54  54  54   0  54  54   0  54   0   0  54  54   0   0  54   0  54  54  54  54  54  54   0   0  54  54  54   0 144   0   0 145   0 129 129   0 129 129 129   0   0 129   0   0  20   0   0   0  20  20  20  20   0   0   0   0   0   0   0 138 138 138 138 138 138 138 138 138
140   0 141   0 141 141 141   0   0   0   0 146   0   0 121 121   0   0 121 121   0   0 147   0   6   0   6   6   0   6   6   6   6   6   0 148   0   6   6   0   0 149   0 150   0   0   0 151   0 139   0   0 139   0  54  54   0  54  54  54   0   0  54  54   0  54  54  54  54  54  54  54   0   0   0   0  54  54   0   0  54  54  54  54   0  54  54   0   0 129 129   0 129 129   0 129 129 129 129   0 129 129   0   0  20   0  20  20   0   0  20  20  20  20   0   0   0  20   0   0 138   0 138 138 138 138 138   0
  0   0 141 141 141 141   0   0   0 152 152   0   0   0   0 121 121 121 121   0 147 147 147   0   6   6   6   6   6   6   0   6   6   6   6   0   6   6   0   0   0   0   6   0 151 151   0 151   0   0   0 139 139   0  54  54  54   0  54   0 153   0   0   0 154   0  54  54   0  54   0  54  54  54  54  54   0  54   0   0   0  54   0  54   0   0   0 129   0 129 129 129 129 129 129   0 129 129 129 129 129 129 129   0   0   0   0  20   0 155   0  20  20  20   0  20  20  20  20   0   0   0   0 138 138   0 138 138
  0 141 141 141 141 141 141 141   0 152 152 152   0 156 156   0 121 121   0 147 147 147   0   6   0   0   6   6   0   0   6   6   0   6   0   0   0   6   6   6   6   6   6   0 151 151 151 151 151 151 151   0   0   0   0  54  54  54   0   0   0   6   6   6   0  54  54  54   0   0 157   0  54  54   0   0  54  54  54  54   0  54   0  54   0   0   0 129 129 129 129   0   0 129   0 129 129 129   0   0 129 129 129 129   0   0  20  20   0   0  20  20  20  20  20  20  20  20  20   0 138 138 138 138   0 138 138 138
  0   0   0 141 141 141   0   0 152 152 152   0   0   0 156   0   0 121   0 147   0 147   0   6   6   6   6   6   6   6   0   0   6   6   0   6   6   6   0   6   0   0   6   6   0 151   0   0 151 151   0   6   6   0   0  54  54   0   0 158   0   0   6   6   6   0   0  54   0   0   0   0  54  54  54   0   0   0  54   0   0  54   0  54  54  54  54   0   0   0 129   0 129 129 129 129   0   0 159   0   0 129 129   0 160   0   0  20  20  20  20  20  20  20  20  20  20   0   0   0   0 138 138 138 138 138   0   0
141   0   0 141 141   0 141 141   0   0   0 161 161 161   0 162   0   0 163   0 147 147   0   6   0   6   0   6   0   6   0   6   6   6   6   0   6   6   0   6   6   6   0   0   0 151   0 164   0 151   0   0   6   6   6   0   0   0 158 158   0   6   6   0   0  54  54  54   0 165 165   0  54   0  54   0  54  54  54  54   0   0 166   0  54   0  54   0   0 129 129   0 129 129   0   0   0 167   0 129 129 129   0 168   0   0   0   0   0  20   0   0   0  20  20   0   0 169   0 169 169   0 138   0 138 138   0   0
141 141   0   0 141 141 141   0 170   0 161 161   0 161   0 162 162   0 163   0 147   0 171   0   0   6   6   6   6   0   0   6   6   6   0   6   6   6   6   6   6   0   0   0 172   0   0   0   0   0   0 173   0   0   6   0 158 158   0 158 158   0   6   0   0   0   0  54  54   0 165 165   0   0   0   0   0  54  54   0   0 166 166   0   0  54  54   0   0 129 129   0   0 129   0 129 129   0 129 129 129   0 168 168   0   0   0 174   0  20  20  20   0  20   0 175   0 169 169 169 169   0   0  20   0   0  20  20
141 141 141   0 141 141   0 141   0   0 161 161 161   0   0   0   0   0 163   0   0 176   0 177 177   0   6   0   0   0 178   0   6   6   0   6   6   6   0   0   0 179 179 179   0   0   6   6   6   6   0   0   6   6   6   6   0 158 158 158 158   0   6   6   0  54   0  54  54  54   0 165   0  54  54  54  54  54   0   0 180   0 166   0 181   0  54  54  54   0   0   0   0 129 129 129 129 129 129 129 129 129   0   0 182   0 174 174   0  20  20   0  20  20  20   0 183   0 169 169   0   0  20  20   0  20  20   0
141 141   0 141 141   0   0 141 141   0   0 161   0   0   0   0 184 184   0 185   0 176   0 177 177 177   0   0 186   0   0   6   0   6   6   6   0   6   6   6   6   0   0 179   0   6   0   6   6   6   0   6   0   0   0   6   6   0   0   0 158   0   6   0  54  54  54  54  54  54  54   0   0   0   0  54  54   0 180 180 180   0 166   0 181 181   0  54   0   0   0 129 129 129 129 129   0 129 129   0   0 129 129 129   0 174 174   0  20  20   0 187   0  20  20   0   0  20   0   0   0  20  20  20  20  20  20  20
141   0   0   0 141 141 141   0 141 141   0   0 185 185   0 185   0   0 185 185 185   0   0 177 177 177   0   0 186   0   6   6   6   6   6   6   0   6   6   6   0 188   0   0   6   6   6   6   6   6   0   6   6   6   6   6   0   6   6   0   0   0   6   0   0  54  54   0  54   0  54  54   0  54  54  54   0   0   0   0   0 166 166   0 181 181 181   0   0   0 129   0 129 129 129 129 129 129 129   0 189   0   0 129   0   0 174   0  20   0  20   0  20  20  20  20   0  20  20  20  20   0   0  20  20  20  20  20
141   0 141 141 141 141   0 141 141 141 141   0 185 185 185 185 185 185 185   0   0 190   0 177 177 177   0 186 186   0   6   0   0   6   0   6   6   0   6   6   6   0 191   0   6   0   6   6   6   0   6   0   0   0   0   6   6   6   0   0   0   6   6   0   6   0  54  54   0  54  54  54   0  54   0  54  54  54  54   0 166 166   0 181 181 181 181 181 181   0 129 129 129 129   0 129   0 129   0 192   0   0 193   0   0 174 174 174   0   0  20  20   0  20   0  20  20  20  20  20   0   0   0  20  20   0  20  20
141 141 141   0 141 141 141 141 141   0 141 141   0 185   0   0 185   0   0 194   0 190   0   0   0   0 186 186   0   0   6   6   6   6   0   0   6   6   6   6   0   6   0   6   6   0   0   0   6   6   6   6   0   6   6   6   6   0   0   6   6   6   6   6   6   6   0   0 195   0   0  54   0  54   0  54   0   0   0 196   0 166   0   0 181 181 181   0   0   0 129   0 129   0 181   0   0   0   0   0 197   0   0   0 198   0 174   0   0  20   0  20  20  20  20  20  20  20   0   0  20  20  20  20  20  20   0   0
141 141 141   0   0 141 141 141   0   0   0 141   0 185 185   0 185 185 185   0   0 190 190 190 190 190   0 186   0   6   6   0   0   6   6   0   0   6   6   0   6   6   6   6   6   0 199 199   0   0   6   0   6   6   0   0   6   6   6   0   6   6   6   6   0   0 200   0   0  54  54  54  54   0 201   0   0 181   0   0 166 166   0 202   0 181 181   0 203   0   0 129 129   0 181   0   0   0   0 204   0 205 205 205   0   0   0  20  20  20   0  20  20  20  20   0   0  20  20  20  20   0  20  20  20   0   0 206
141 141   0   0   0 141 141   0 141 141 141 141   0 185   0   0   0   0 185 185   0 190 190 190 190 190   0   0   6   6   0   6   6   6   6   6   6   6   0   6   0   6   6   0   0   0 199 199   0   0   0   6   6   6   0   6   0   6   0   0   6   6   0   0   6   0   0   0  54  54  54   0  54   0   0 181 181 181 181   0 166 166   0   0 181 181 181   0   0   0 207   0 129   0 181 181 181 181   0   0 205 205 205 205   0 208   0  20   0  20  20   0   0  20  20   0  20  20   0  20  20   0  20  20   0  20  20   0
  0   0 141 141   0 141   0 141 141 141 141 141   0   0   0 209   0   0   0   0 210   0   0 190 190 190   0   0   0   6   0   6   0   0   6   6   6   6   0   6   6   0   6   6   0 211   0   0 212 212 212   0   0   6   0   6   0   6   6   0   6   6   6   6   6   6   6   0   0  54  54  54   0   0 181 181 181 181   0   0   0   0 181 181   0 181   0   0 181 181   0 129 129   0 181 181 181 181   0 181   0   0   0   0 213   0   0   0  20  20  20  20  20  20  20   0  20  20  20  20   0  20  20  20   0   0  20  20
141 141 141 141 141 141 141   0   0   0   0   0   0   0   0   0   0   0   0   0   0 190 190 190 190   0 190   0   0   0   0   0 214   0   0   6   6   6   6   6   0   6   6   0 211 211 211 211   0 212   0   0   6   6   6   6   6   6   0   0   0   0   6   6   6   6   6   6   6   0  54   0   0   0   0 181   0 181 181 181 181 181 181 181 181 181   0 181 181 181 181   0   0 181 181   0 181 181   0 181   0   0   0   0   0   0 181 181   0  20  20  20  20  20  20  20  20  20   0  20   0   0   0  20  20  20  20  20
  0 141 141   0 141 141   0   0   0 190 190 190 190   0 190   0 190 190   0 190 190 190   0 190 190 190 190 190 190   0   0   0   0 215   0   6   6   0   6   0   6   6   6   0 211 211   0   0 212 212 212   0   6   6   0   6   6   6   6   6   6   6   6   6   6   6   0   6   0 216   0 181   0 181   0   0   0   0   0   0   0 181 181   0   0   0 181 181 181   0 181   0 181 181 181 181   0 181   0 181 181   0 181 181 181 181 181 181   0  20   0  20   0   0  20  20   0  20   0   0  20   0  20  20  20  20  20  20
141 141 141   0   0 141 141   0   0   0 190   0 190 190 190 190 190 190   0   0 190 190   0 190 190 190   0   0   0   6   0 217 217   0   0   0   0   6   6   0   6   6   6   6   0   0   0   0 212 212 212   0   6   6   0   6   6   0   6   6   6   6   0   0   6   6   0   0   6   0 181 181 181 181   0   0 181 181 181   0   0 181   0 181   0 181   0 181   0 181 181 181   0 181 181   0 218   0   0 181 181 181   0 181   0 181   0   0 181   0  20  20  20  20   0   0 219   0  20  20  20  20  20  20  20   0   0  20
141   0   0   0   0   0 141 141 141   0 190 190   0   0   0 190   0 190   0 190 190 190 190 190 190 190   0   6   6   6   0   0   0 220   0   0   0   6   6   6   6   6   0   0   6   0   0 221   0 212   0   6   6   0   6   6   6   6   6   6   6   0   0   0   0   6   6   6   6   0   0   0 181   0 181   0 181   0   0 181   0 181   0 181 181 181 181 181   0 181   0   0   0 181 181 181   0 222   0   0 181 181 181 181 181 181 181 181 181   0  20  20   0   0   0  20   0  20  20   0  20   0  20   0   0   0   0  20
141 141   0   0   0 223   0 141 141 141   0 190   0 224   0 190 190 190   0 190   0   0 190 190 190 190   0   6   0   6   0   6   6   0   0   6   6   6   6   0   6   6   0   0   6   6   0   0   0   0 225   0   0   0   6   6   6   0   6   6   6   6   0   0   0   6   6   6   6   0 226   0 181   0 181 181 181   0 181 181 181 181 181 181   0   0 181 181 181 181 181 181   0 181   0 181   0   0 181 181   0 181 181 181 181 181 181   0   0  20  20   0  20  20  20  20  20   0   0  20   0   0   0  20  20  20   0   0
141 141 141 141 141   0 141 141   0   0 190 190   0   0 190 190 190 190 190 190 190   0   0   0 190   0   6   6   6   6   0   6   6   0   0   6   6   6   6   6   6   6   6   6   0   6   6   6   0 225 225 225 225   0   6   0   6   0   6   6   6   0   6   6   6   6   0   0   0   0   0   0 181 181 181   0 181 181   0   0   0 181 181 181   0 181 181   0   0 181 181 181 181   0 181 181   0   0 181 181   0 181 181   0 181   0   0   0  20  20  20  20  20  20  20   0  20   0  20  20  20  20  20  20   0  20  20  20
  0   0 141   0 141   0   0   0   0 227   0 190   0   0   0 190 190   0   0   0   0   6   0 228   0   6   6   0   6   6   0   6   6   6   0   0   6   0   0   6   0   0   6   6   6   6   0   0   0 225   0   0   0   0   0   0   0 229   0   6   6   6   6   6   6   0   6   6   0   0   0 181 181   0   0 181 181   0   0 181 181   0 181 181   0 181 181 181 181 181 181   0 181   0 181 181 181 181 181 181 181 181   0 181   0   0  20   0  20  20   0  20  20   0   0  20  20  20  20  20  20  20  20  20   0  20  20  20
  0 141 141   0   0 230   0 227 227 227 227   0   6   6   6   0 190   0   0   6   6   6   6   0   6   0   0   0   6   0 231   0   6   6   6   6   6   6   6   6   6   0   6   6   6   6   0   6   0   0   0   0   6   6   6   0   6   0   6   6   6   6   6   6   0   6   6   0   0 181 181   0 181   0   0 181 181 181 181 181 181 181 181   0   0   0   0   0   0 181   0 181 181 181 181   0 181 181   0   0   0 181 181 181   0   0  20  20  20   0 232   0   0   0  20  20  20  20  20  20   0   0   0  20  20   0   0   0
  0 141   0 233   0 230   0 227   0 227 227   0   6   0   6   6   0 234   0   0   0   6   0   0   6   0   6   6   6   6   0   6   6   6   6   6   6   6   6   0   6   6   0   6   6   0   6   6   0   6   6   6   0   0   6   6   6   6   6   6   6   0   0   6   6   6   0 181 181 181   0   0 181 181 181   0   0   0 181 181 181 181 181   0 181 181 181   0   0 181   0 181 181   0   0   0   0   0 181 181 181 181   0 181   0   0   0  20   0   0 232   0 235 235   0   0  20  20  20  20  20   0   0   0  20   0   0  20
236   0   0 233 233   0 227 227 227   0 227 227   0   6   6   0   0   0   6   0   6   6   6   6   6   6   6   6   6   6   6   6   6   0   6   6   6   6   0   6   6   6   0   0   6   6   0   6   6   6   6   6   6   6   6   6   6   0   0   0   0   6   6   6   0   0 181   0   0 181 181   0 181   0   0   0 237   0 181 181 181 181 181 181 181   0   0 181 181 181   0   0 181 181 181 181   0 181 181 181   0 181 181 181 181 181 181   0   0   0   0 238   0 235   0   0  20  20  20   0  20   0   0   0  20  20  20  20
  0   0 233 233   0   0 227 227 227   0   0 227   0   6   6   0   0   6   6   0   6   6   0   6   0   6   6   6   6   0   6   6   6   6   0   6   0   0   0   0   0   6   0   0   0   6   6   6   0   6   6   0   0   0   0   0   0   6   6   6   6   6   6   0   0   0 181 181 181 181 181 181 181 181 181   0   0   0 181   0 181 181   0 181   0   0 181 181 181   0 181 181 181   0 181 181   0   0   0   0   0   0   0 181   0 181   0   0   0 239   0 238 238   0 240   0  20  20   0 241   0 242   0   0  20  20  20  20
  0   0 233   0 227 227 227 227   0 227 227 227 227   0   6   6   6   6   0   6   6   0   0   6   6   0   6   0   6   0   0   6   6   0   0   6   0   0 243   0 244   0 245 245   0   6   6   6   0   0   6   0   0 246 246   0 247   0   6   0   6   6   6   0   0 181 181 181 181   0 181 181 181 181 181   0   0 181   0   0 181   0 181 181 181   0 181   0   0 181 181   0 181 181 181 181   0   0 248 248 248   0 181 181   0 181   0 249 249   0 250   0 238 238   0 242   0   0 241 241   0 242 242 242   0  20   0  20
  0 233 233   0   0 227 227   0 227 227 227 227 227 227   0   6   0   6   6   6   0   0   0   6   0   6   6   0   6   0   0   6   0   0 243   0   0 243 243 243   0 245 245   0   0   6   0   0   0   0   6   6   0   0 246   0   0 251   0   6   6   0   0 252 252   0 181   0   0   0   0 181 181   0 181 181   0 181 181 181 181 181   0   0 181 181 181 181   0 181   0 181 181   0   0 181 181   0   0   0 248   0 181 181 181   0   0 249   0 242   0 253   0   0 242 242   0   0 241   0   0   0 242 242 242   0 242   0
  0   0 233 233 233   0 227 227 227 227 227   0 227 227   0   6   6   0   0   6   0   0 254   0 255   0   6   0   6   0 256   0 257   0 243 243 243   0 243 243 243   0 245 245   0   6   0 243   0   0   0   0   0 258   0 259 259   0   6   6   6   6   0   0   0   0 181 181 181   0   0 181   0 181 181 181   0   0   0   0   0 181   0 260   0   0 181 181   0   0 181 181 181 181 181 181   0 261 261 261   0   0 181 181 181 181   0   0 242 242   0   0 242   0 242   0   0   0 241 241   0 262   0   0 242 242 242   0
263 263   0   0   0   0 227   0   0   0 227   0 227 227   0   0   0   0   0   0 264   0   0   0 255 255   0   0   0 265   0 257 257   0 243   0 243 243 243 243 243   0 245   0   0   6   0 243   0 243 243 243 243   0 243   0   0 243   0   0   6   6   0 181 181 181   0   0   0 181 181 181 181   0 181   0   0 266   0 266 266   0 266   0   0   0 181   0 267   0 181   0 181   0 181 181   0   0   0   0   0 268   0   0 181   0 269 269   0 242 242 242 242 242 242   0 270   0   0   0   0   0   0   0 242 242 242 242
263   0 271   0 272 272   0 227 227 227 227   0   0   0 273 273 273   0 264 264 264   0 274 274   0 255   0   0   0   0   0 257 257   0 243 243 243 243   0 243   0   0 245   0 275   0 243 243 243 243   0 243 243 243 243 243 243 243   0   0   6   6   6   0   0 181 181 181 181   0   0 181 181 181   0 266 266 266 266   0 266 266 266 266   0   0   0   0   0 181 181 181 181   0   0   0 181 181 181 181   0 268   0   0 181   0   0 269 269   0 242 242 242 242   0 242   0   0   0 242 242 242 242   0 242 242   0 242
263   0   0 276   0   0 227 227 227 227   0   0 277 277   0 273   0   0 264 264   0   0   0   0 255 255   0 257   0   0 257   0 257   0   0 243 243 243   0 243 243 243   0   0   0   0 243 243 243   0 243 243 243   0   0 243 243 243   0   0   6   0   6   0 181 181   0 181 181 181 181 181 181 181   0 266 266 266 266 266 266 266 266   0   0 181 181 181 181 181 181   0   0 278   0   0 181 181   0   0   0   0 181 181 181   0 279   0 269   0 242 242   0 242 242 242 242 242 242 242 242 242 242 242 242   0 242 242
263   0 280   0 227 227 227 227 227   0 227   0   0   0   0 273 273   0 264   0   0 257 257   0   0   0 257 257   0 257 257 257 257 257   0 243 243 243 243 243   0 243 243 243 243 243   0 243 243 243   0 243 243   0   0 243   0   0   0   0   0 281   0   0   0   0   0 181 181 181 181 181 181 181 181   0   0 266   0 266   0   0   0 181 181 181 181   0   0 181   0   0 282   0 181 181   0 181 181 181 181 181 181   0   0 279 279   0 269   0   0   0   0 242   0 242   0 242 242   0   0   0   0 242 242 242 242 242
263   0   0   0 227 227 227   0 227 227 227 227   0 227 227   0 273   0   0   0   0   0 257 257 257 257 257   0 257 257   0   0   0   0 243 243 243 243 243 243 243   0   0 243   0   0   0 243   0 243   0   0 243 243   0 243 243 243 243 243   0   0   0 181 181 181 181 181   0 181   0   0 181 181   0 283   0 266   0 266 266 266   0 181 181 181   0 181 181 181 181 181   0   0 181   0 181 181 181   0 181   0   0   0   0   0   0   0 269 269 269 269   0   0 284   0   0 242   0   0   0 285 285   0   0   0   0   0
263 263 263 263   0   0   0 286   0   0 227 227 227 227 227 227   0 227 227 227   0   0 257   0 257   0   0 257 257   0   0 243 243 243 243 243   0   0 243   0   0 243 243 243 243 243 243 243   0 243 243 243 243   0 243 243   0   0   0 243   0 243   0   0 181   0 181 181   0   0   0   0 181 181   0   0   0   0 287   0   0   0 181 181   0 181   0   0 181 181 181 181   0 181 181 181 181   0 181   0 181   0 288   0   0 289   0 181   0 269   0 269   0 269   0 290 290   0   0   0   0 285 285   0 291 291 291   0
263 263 263   0 292   0   0   0 293   0 227 227   0   0   0 227 227 227 227 227   0 257 257 257 257 257   0 257 257 257 257   0 243 243 243 243 243   0 243 243   0   0   0   0 243   0 243   0   0   0   0 243 243 243   0   0 294   0   0 243 243 243   0   0 181   0 181 181 181 181 181   0   0 181   0 295 295 295   0   0   0   0   0   0   0 181 181 181 181 181   0 181 181 181 181   0 181 181   0 181 181 181   0   0 181   0 181 181   0   0   0 269 269 269 269   0   0 296 296   0   0 285 285 285   0 291 291   0
  0 263 263   0   0   0   0 227   0   0   0 227   0 297   0 227 227 227 227   0 298   0   0   0 257 257 257 257   0 257 257   0   0   0 243   0 243   0 243   0 243 243   0   0 243   0 243 243   0   0   0 243   0 243 243 243   0   0   0 243   0   0 181 181 181   0 181   0   0 181   0 299 299   0 295 295 295 295 295   0 295 295 295   0   0 181 181 181   0 181   0   0 181 181   0   0   0 181   0   0 181 181 181 181 181 181 181 181   0 269 269 269 269 269 269 269 269   0   0   0 269   0 285   0   0   0 291 291
  0 263 263   0 227 227 227 227   0 227 227 227 227   0   0   0   0   0 227   0   0 257 257 257 257 257 257 257 257 257 257 257 257   0 243 243 243   0 243 243 243 243 243 243   0   0   0   0   0   0   0 243 243   0   0   0   0   0 243 243   0 181 181 181 181 181 181 181 181 181   0 299 299 299   0 295   0   0 295 295 295 295   0 295 295   0 181   0   0 181 181 181   0 181 181 181 181   0   0 181 181 181   0 181   0 181 181   0 269 269 269 269   0   0   0 269 269 269   0 269 269   0   0 291 291 291 291   0
300   0   0   0 227 227   0 227 227 227 227 227 227   0   0 301 301 301   0 257 257 257   0   0 257   0 257 257 257 257 257   0 257   0 243 243 243 243 243 243 243   0   0 243   0 302   0   0 303   0   0 243   0 304   0   0   0   0 243   0   0   0 181 181 181 181 181 181   0   0   0 299 299   0 305   0 295 295   0 295 295 295 295 295   0 181 181   0 306   0 181 181   0 181   0 181 181 181 181   0 181   0 181 181 181   0 181 181   0   0 269   0 269 269   0 269   0 269 269 269 269   0   0 291 291 291 291   0
300   0 307   0 227 227 227   0 227   0   0 227 227 227 227   0 301 301   0   0 257   0   0 257   0   0 257   0 257   0   0   0   0 243 243 243 243 243 243   0 243   0   0 243   0   0 308   0   0   0 243   0   0   0 243 243   0 309   0   0   0   0 181 181 181   0 181   0   0 181   0   0   0 305 305 305   0 295 295 295 295   0 295 295 295   0 181   0 306   0   0 181   0 181 181 181   0 181   0 181 181   0   0 181 181 181   0 181   0   0 269 269 269 269 269   0 269 269 269   0 269 269 269   0 291 291   0   0
  0 310   0 227 227 227   0 227   0 227   0   0 227   0   0 257   0   0 257   0 257 257 257 257 257 257 257   0 257   0 243 243 243 243 243   0 243 243   0 243 243 243 243 243   0   0   0   0   0 243 243   0   0 311   0 243   0 309 309 309   0 309   0   0 181   0 181 181 181 181 181 181 181   0 305   0   0 295   0   0   0   0   0   0 295 295   0 306 306 306 306   0   0   0   0 181 181 181 181   0 181   0 312   0   0   0   0   0 269 269 269 269   0 269   0   0   0 269 269   0 269   0   0 313   0 291 291 291
310 310   0   0   0 227 227 227 227 227 227   0   0   0 257 257 257 257 257   0 257 257 257 257   0   0 257 257 257 257   0 243 243 243   0 314   0 243 243 243 243   0 243 243 243 243 243 243   0   0 243 243 243   0 243 243   0 309   0 309 309 309 309   0   0 181 181   0   0 181   0 181   0 315   0   0 316   0   0   0   0 295 295 295   0 295   0   0   0   0   0 181   0 181 181 181   0 181 181   0   0   0 312   0   0   0   0   0 269 269 269   0 269 269 269 269   0 269 269   0   0 181 181   0 291 291 291   0
310 310   0   0 227   0   0 227 227 227 227 227 227   0 257   0 257 257   0   0 257 257   0   0 317   0 257   0   0 257   0   0 243   0 318   0 319   0   0 243   0   0 243   0 243 243 243 243   0 243 243   0 243 243 243   0   0   0 320   0 309 309 309 309 309   0   0 181 181 181   0   0 321   0 322 322   0 323 323   0   0   0 295 295 295 295   0   0   0   0 181 181   0   0 181 181   0   0 181   0   0   0   0   0 324   0   0 269 269 269 269   0   0   0   0   0 325   0   0 326   0   0 181 181   0   0   0   0
310   0 327   0 227 227   0 227 227   0 227 227   0   0   0   0 257 257 257 257 257   0 257   0   0 257 257 257 257 257   0 243 243   0 318 318   0 328 328   0 243 243   0 243 243 243 243   0 329   0 243   0 243   0 243   0 330 330   0 331   0 309 309   0 309   0   0 181 181 181   0   0 321   0   0 322   0 323   0 332   0 295 295 295   0   0 181   0   0 181 181   0 181 181   0 181 181 181 181 181   0   0 181   0   0 269 269 269 269   0   0 333 333 333   0 325 325   0   0 326   0   0 181   0 181   0 181   0
310 310   0   0 227   0   0 227 227 227 227   0   0 227   0   0   0 257 257 257 257 257 257   0 257   0   0 257   0 257   0 243 243 243   0   0   0   0   0 243   0 243 243   0 243   0 243 243   0 243   0   0 243 243   0 330 330   0 334   0   0   0   0   0   0   0   0 181 181   0 321 321 321 321 321   0   0   0   0 332   0 295 295   0 181 181 181   0   0 181 181   0 181 181   0   0 181 181 181 181   0 181 181 181   0   0   0   0   0 335   0 333   0   0 336   0   0   0 337   0   0   0 181 181 181 181 181   0
  0 310   0 227 227 227 227 227 227 227   0 227 227 227   0   0 257 257   0 257 257   0 257 257 257 257 257   0   0 257 257   0   0 243 243   0 338 338   0 243   0 243   0 243 243 243 243 243 243 243 243   0 243 243 243   0   0 339   0   0   0 340   0 341   0   0   0   0 181   0   0 321 321 321 321 321   0 321 321   0 342   0   0 343   0 181 181 181 181   0 181 181   0 181 181 181 181 181 181   0 181   0 181   0   0 181   0   0 335 335   0   0   0 344   0 345 345   0 337   0 346   0   0   0 181 181 181   0
  0   0 227 227 227 227 227 227 227 227 227 227   0   0 347   0   0 257   0 257   0 257 257 257   0 257   0 257 257 257 257 257   0   0 243   0   0   0 243 243 243 243 243   0   0 243 243 243   0   0 243   0 243 243   0   0 243   0 243   0 340 340   0   0 348   0 349   0 181 181   0   0 321 321 321 321 321 321 321 321   0 350   0 343 343   0 181 181 181 181 181 181 181 181 181   0 181 181   0   0 181 181 181 181 181 181 181 181   0 335 335   0 344 344   0 345 345 345   0 346 346   0   0 351   0 181   0 352
353   0   0   0   0 227 227   0   0 227 227   0 354 354   0 257 257 257   0   0 257 257 257 257 257 257 257 257   0 257   0 257   0   0 243 243 243 243   0   0 243 243   0 243 243 243   0 243   0   0   0 355   0 243 243   0 243 243 243   0   0   0   0 356   0 357   0   0 181   0 358   0   0   0   0 321   0 321   0 321   0   0   0 343   0 359   0   0 181   0 181 181 181   0   0 181   0 181   0 181 181 181 181 181 181 181 181   0 360   0   0   0   0 344 344   0 345   0 346 346 346 346   0   0 181 181   0 352
  0   0 361 361 361   0 227   0   0   0   0 361   0   0   0 257   0 257 257   0 257   0 257 257 257 257 257 257 257 257 257 257   0 362   0 243 243 243 243 243 243   0 243 243   0 243   0 243 243   0   0 355   0   0 243 243 243 243   0 243 243   0 363   0 243   0 243 243   0 358 358   0   0 364   0   0   0 321 321 321 321 321   0   0   0   0   0 321   0 181 181   0 181 181   0 181   0 181 181 181 181 181 181 181 181 181 181 181   0 181   0   0   0   0   0 365   0 181   0   0   0   0   0 181   0 181 181   0
  0 361 361 361 361 361   0   0   0 361   0 361 361 361   0 257   0 257   0 366   0   0 257   0 257   0   0   0   0 257   0   0   0 362   0   0 243 243 243 243 243   0 243   0 243 243   0   0 243 243 243   0   0   0   0   0 243 243 243 243 243 243   0 243 243   0 243 243   0   0   0 243 243   0   0 243   0   0 321 321 321 321   0 321 321 321 321 321   0   0 181 181 181 181 181 181   0 181 181   0 181 181   0 181   0   0 181 181 181 181 181   0   0   0 365 365   0 181 181   0 181 181 181 181   0 181 181   0
  0 361 361 361   0 361 361   0 361 361 361 361 361   0   0 257   0   0 257   0   0 367   0 257 257 257 257   0   0 257   0   0   0 362   0   0 243   0 243   0 243   0 243 243   0 243 243 243 243 243 243   0   0 368   0 243 243   0   0   0   0 243 243 243 243 243 243   0 243 243 243 243 243   0   0 243   0 321 321   0 321 321 321   0 321   0   0 321 321 321   0 181   0   0 181 181 181   0 181   0 181 181 181   0   0   0 181 181 181   0 181 181   0 181   0   0   0 181   0   0 181 181   0   0 181 181   0 369
  0 361 361 361 361   0 361 361 361 361 361 361   0   0 257 257 257 257 257 257   0 367 367   0 257   0   0 370 370   0 370 370 370   0   0   0   0 243 243 243   0   0 243   0 371   0 243 243 243 243 243   0   0 368 368   0 243   0 243 243 243 243   0 243 243 243 243 243   0 243 243 243 243 243   0 243   0   0   0 321 321   0 321 321 321   0 321 321 321 321 321   0 181 181   0   0 181 181 181 181   0 181 181   0   0   0   0 181 181 181 181 181 181 181 181   0 181 181   0 181 181 181 181 181 181 181   0   0
  0   0 361   0 361 361   0 361 361 361   0 361   0 257 257 257   0 257   0   0 257   0 367   0   0 372   0   0 370   0 370 370   0 243 243 243   0   0   0 243 243   0   0 243   0 243 243 243   0 243 243   0 243   0   0 243 243 243   0 243 243   0   0 243   0   0 243 243   0 243 243 243   0 243   0 243 243   0   0   0 321   0   0 321 321 321   0   0 321 321 321   0 181 181 181 181 181   0 181   0 181 181   0   0   0   0 181 181   0 181   0 181   0   0 181 181 181   0 373   0 181   0   0 181   0 181   0 374
375   0 361   0   0 361 361 361 361   0 376   0   0 257   0 257 257 257 257   0 257 257   0 370 370   0   0 370 370 370 370   0   0   0 243   0   0 243   0   0   0   0 243 243   0 243   0   0   0 243 243   0 243 243   0 243   0 243 243   0 243 243   0 243 243 243 243   0 377   0   0 243 243 243 243 243   0 321 321 321 321 321   0 321 321   0 378 378   0   0 321   0 181 181 181   0   0   0 181 181 181 181 181 181   0 379   0   0   0   0   0   0   0 181 181   0   0   0   0 181 181 181   0 181   0   0 380   0
375 375   0 381 381   0 361   0   0   0   0   0   0   0 257 257 257   0 257 257 257   0 382   0 370   0   0 370   0 370   0   0   0   0 243 243 243 243 243   0 243 243   0 243 243   0 243 243 243 243 243 243 243   0 243 243 243   0   0   0 243 243 243 243   0   0   0 383   0   0 243 243   0   0 243 243 243   0 321 321 321   0   0 321 321   0 378   0 384   0 321 321   0 181 181 181   0   0 181 181 181   0   0   0 379 379   0   0 385   0   0 386   0   0 181   0 181 181 181 181 181 181 181   0   0 387   0 388
375 375   0   0 381   0   0 257 257 257 257 257   0   0   0 257 257   0 257 257 257   0   0   0 370 370 370 370   0 370 370 370   0 243   0 243   0   0   0 243 243 243   0 243 243 243 243 243   0 243   0   0 243 243 243   0 243   0 389   0   0 243 243 243   0   0   0   0 390   0 243 243 243   0 243   0   0 243   0 321 321 321 321   0 321   0   0 181   0 321 321   0 181 181   0 181 181 181   0 181 181   0 391   0   0 379 379   0 385   0 392   0 181 181 181 181 181   0 181 181   0 181 181 181 181   0   0 388
  0 375   0   0   0 257 257   0   0 257 257 257 257   0 257 257 257 257 257   0   0 393 393 393   0   0 370 370 370 370   0   0 243 243 243 243 243 243   0 243 243   0   0 243 243   0 243   0 394   0   0 243 243 243 243 243 243   0 389   0   0   0   0 243 243 243 243   0 390   0 243 243 243   0 243   0 243 243   0 321   0   0 321   0 321   0   0 181   0   0   0 181   0 181   0 181 181   0 395   0   0 395   0   0 396   0 379 379   0 181   0 181   0 181 181 181 181 181 181   0 181 181 181 181   0 397 397   0
375 375   0 375 375   0 257 257 257 257 257 257 257 257   0   0 257 257   0 257 257   0   0   0 398   0 370   0   0   0 243 243 243 243 243 243   0 243 243   0 243 243 243 243 243 243   0   0 394   0   0 243 243 243   0 243 243 243   0 399 399 399   0 243   0   0   0 243   0   0 243 243   0   0   0 243 243 243 243   0 400   0   0 321 321 321   0 181   0 181 181 181 181   0 181 181 181   0 395 395 395 395 395 395   0 379 379 379   0 181 181 181 181 181   0 181   0 181   0   0 181   0   0 181   0 397   0   0
375 375   0 375   0 401   0 257 257 257 257 257 257 257 257 257 257 257 257 257 257 257   0   0 398 398   0 257 257 257   0 243 243   0   0 243   0 243 243 243 243 243   0   0   0 243 243 243   0   0 402   0 243 243   0   0 243   0 399 399   0   0 403   0 243 243 243 243 243 243 243   0   0 243   0   0   0 243 243   0   0 404   0   0   0   0 181 181 181 181   0 181 181 181 181   0 181 181   0   0   0   0   0 395   0 379   0   0   0   0 181   0 181 181   0   0 181 181 181 181 181   0   0 181   0   0   0 405
375 375   0 375   0 401   0 257 257   0   0   0 257 257   0   0 257 257 257 257   0   0   0 398 398   0 257 257   0   0   0   0 243   0   0 243 243   0 243   0   0   0   0 406   0   0   0 243   0 407   0   0   0 243   0 243 243 243   0   0   0 243   0 243 243 243   0 243 243 243 243   0 243 243 243 243 243   0 243 243 243   0   0 181 181 181 181 181 181 181 181 181 181 181 181   0 181   0   0 408 408 408 408   0 379 379   0   0   0   0   0   0   0   0 409   0   0   0 181 181 181   0 405   0 405   0   0 405
  0 375 375 375 375   0 410   0   0   0   0 257 257 257 257   0 257 257   0   0 257 257 257   0   0   0 257   0 243 243 243 243 243 243 243   0 243 243 243 243   0   0 243   0 243 243 243 243 243   0 243 243 243 243 243 243 243 243 243 243 243 243   0   0 243   0   0   0   0 243 243   0 243 243 243 243 243 243 243 243 243 243   0   0 181 181 181   0   0 181 181 181 181 181   0 181   0 411   0   0 408 408 408   0   0 379 379 379 379   0 379 379 379   0 409   0 412 412   0   0   0   0 405 405 405   0 405 405
413   0 375 375 375 375   0 414 414   0 257 257   0 257 257 257   0 257   0 257 257 257   0   0 415   0 257 257   0   0 243 243   0 243 243 243 243   0 243   0   0   0 243 243   0   0 243   0 243 243 243 243 243   0   0 243 243   0 243   0 243 243 243 243 243   0 243 243 243 243   0 243   0 243 243 243 243   0 243   0 243 243 243 243   0 181   0 181 181 181 181 181 181 181 181 181 181   0 181 181   0   0   0   0 379 379   0 379 379 379 379   0   0 416   0 412 412 412 412   0 417   0 405 405 405 405 405 405
  0 375 375 375 375 375 375   0 414   0   0 257   0 257   0 257 257   0 257 257 257 257 257   0   0 257 257 257 257 257   0   0 418   0 243 243   0 243 243 243   0   0   0 243 243 243   0 243 243 243 243 243   0 243   0 243   0 419   0 243 243   0 243 243   0 243 243 243   0 243 243 243 243 243   0 243 243 243 243   0 243 243   0   0 420   0 181 181 181 181   0   0   0   0   0 181 181 181 181 181   0 421   0 422   0 379 379 379   0 379   0 423   0 416 416   0 412 412   0   0   0   0 405 405   0   0   0   0
375 375   0 375   0   0   0 414 414 414   0   0 257 257   0   0   0   0 257 257 257   0 257 257 257 257   0   0 257 257 257 257   0   0 243   0 424   0 243 243   0 425   0 243 243 243 243 243 243 243   0 243 243 243   0 243   0   0   0 243   0 243   0   0 243 243 243   0   0   0 243   0   0 243 243   0   0   0 243   0   0 243   0   0   0 426   0 181 181 181 181 181 181   0   0 181 181   0   0   0 427   0   0   0   0   0 379 379 379   0   0 423   0 416   0 428   0 412   0 429 429   0 405 405 405 405   0   0
  0   0 430   0 431 431 431   0   0   0 257 257 257 257   0 257 257   0 257   0 257 257 257 257 257 257   0   0 257 257 257   0 257   0   0 424 424 424   0   0   0 425   0 243   0 243 243   0 243 243   0 243 243 243 243 243   0   0 243 243 243 243   0 243   0 243   0 432   0 243 243   0   0 243 243   0 243 243 243 243 243 243 243 243   0 426   0 181 181 181 181 181 181 181   0   0 181   0 181 181   0   0 433 433   0 379 379 379   0 434   0   0   0 416 416   0 416   0 435   0   0   0 405   0 405 405   0 405
  0   0   0   0   0   0 431 431   0 257 257 257 257 257   0   0 257 257 257 257 257 257 257 257 257 257 257 257 257 257 257   0 257   0 425   0   0   0 436 436   0 425   0   0 437   0 243 243   0 243   0   0 243   0   0 243   0 243   0 243   0   0   0 243   0   0 438   0 243   0   0   0 243   0 243   0 243 243   0 243 243 243 243   0   0   0 181 181   0 181   0 181 181 181 181 181   0 181 181   0   0 433 433   0   0 379 379   0 439   0 440 440 440   0 416 416 416 416   0   0 416   0   0   0 405 405   0 405
257 257 257   0 441   0 431   0   0 257 257 257 257 257 257 257 257   0 257 257 257 257   0   0 257   0 257   0 257   0 257 257 257   0 425 425 425   0 436   0   0 425   0 243   0 243 243 243   0   0   0 243 243   0 243 243 243 243 243   0 243   0   0 243 243 243   0   0 243   0   0 243 243 243 243 243 243   0 442   0 243   0 243   0 181 181 181   0 443   0 444   0   0   0   0 181   0 181   0   0 445   0 433   0 446   0   0   0 439 439   0   0 440 440   0   0 416 416   0   0 416   0 405 405 405 405 405 405
257 257   0 257   0   0   0 257   0   0 257 257 257 257 257 257 257   0   0   0   0 257 257   0 257   0 257 257   0   0 257 257   0 425 425 425 425 425   0 425 425 425   0 243   0 243   0 243 243 243 243   0   0   0 243 243 243   0 243   0 243 243 243 243   0 243 243 243 243 243 243 243   0 243   0 243   0 243   0 243 243 243   0   0   0   0   0 443 443 443   0   0   0 181 181 181   0 181 181   0   0 447   0   0 446   0   0 439 439   0 448   0 440   0   0 416   0 416   0 416 416 416   0 405 405 405 405 405
  0 257 257 257   0 449   0 257 257 257 257   0   0   0   0   0 257 257   0   0   0 257 257   0 257 257 257 257 257 257   0   0   0   0   0 425 425 425 425 425   0 425   0 243 243 243 243 243 243   0 243   0 243   0 243 243   0 243 243 243 243   0   0 243   0 243 243   0   0 243 243   0 243 243   0 243 243 243   0 243   0 243   0 450   0 451   0 443   0 443   0   0   0   0   0 181 181 181 181 181   0   0 452   0 446   0   0   0   0 448 448   0 440   0   0 416 416 416   0 416 416   0 405 405 405   0   0   0
257 257   0 257 257   0 257 257   0   0   0 453   0 453 453   0 257 257 257 257 257 257   0   0 257 257   0 257   0 257   0   0   0   0 454   0   0 425   0 425 425 425 425   0 243   0 243   0 243 243   0   0 243 243 243   0   0 243   0 243   0   0   0   0 243 243 243 243   0   0 243 243 243   0 243   0   0 243 243 243 243 243 243   0   0 451 451   0 443 443 443 443 443   0 181 181 181 181 181 181   0 455   0   0 446   0 456 456   0   0   0 440 440 440   0   0 416 416 416 416 416   0   0   0   0   0 416 416
257 257   0 257   0 257 257   0 453 453 453 453 453 453 453 453   0 257   0   0 257 257   0 257   0 257 257 257   0 257 257   0 454 454 454 454   0   0 425 425 425   0 425   0   0   0 243   0   0   0 457   0   0   0 243   0 243 243 243 243   0   0 243   0   0 243 243 243   0   0   0 243   0   0 243 243 243 243   0 243   0   0 243   0   0 451   0 458   0 443   0   0 443   0   0   0   0   0 181 181   0 455   0 456   0 456 456   0 440 440 440 440   0 440 440   0   0 416 416 416 416   0   0   0 416 416 416   0
257   0 257   0 257 257   0   0 453   0 453   0 453 453 453   0   0 257 257 257 257 257   0 257   0 257   0   0   0 257 257   0   0 454 454   0   0   0 425 425 425 425 425 425 425   0   0   0 459 459   0   0   0 243 243 243   0 243   0 243   0   0 243 243   0 243 243   0   0   0   0 243 243 243   0 243 243 243 243 243   0 460   0 451 451 451 451   0 443 443 443 443   0 451   0   0   0   0 181   0 181   0 456 456 456 456   0 461   0 440   0 440 440   0 440   0   0   0 416 416 416 416   0   0   0 416 416   0
257 257 257 257 257 257 257   0   0 257   0 453 453   0   0 257 257 257 257 257   0 257 257 257   0 257   0   0   0   0 257 257   0 454 454   0 425 425 425 425 425   0   0   0 425   0 454   0 459   0   0 462   0   0 243 243   0   0   0 243 243 243 243 243 243 243 243 243   0 463   0 243 243 243 243   0 243 243   0   0 460 460   0 451 451 451 451 451   0 443   0 443   0 451 451   0 181 181 181   0 181   0 456   0   0   0 181   0 464   0 465   0   0 440 440   0   0 416 416 416 416 416 416 416 416 416 416   0
257 257 257 257 257 257   0   0 257 257 257   0   0   0 257 257   0   0 257   0 257 257   0 257   0   0   0 257 257 257 257   0   0   0 454   0 425   0   0 425   0   0 466   0   0 454 454 454   0   0 462 462   0   0 243 243 243   0 243 243   0   0   0   0   0 243 243 243   0   0 243 243   0   0 243 243 243   0   0   0 460   0   0   0 451 451 451   0 443 443   0 443   0 451 451 451   0   0 181 181 181 181   0 181 181   0 181 181   0 416   0 416   0 440 440   0   0 416   0   0 416 416   0   0   0 416 416   0
257 257 257   0 257   0   0 257 257 257   0 467   0 257 257 257 257 257   0   0   0   0 468   0   0   0   0 257 257 257   0 454 454   0 454 454   0   0 454   0 454 454   0   0 454 454   0 454   0 469   0   0   0   0 243 243 243   0   0 243 243   0   0 470   0   0   0 243   0 243 243   0 243 243 243   0   0   0 471   0 460 460 460   0 451 451 451 451   0   0   0   0 451 451   0 451 451   0   0 181   0 181 181   0 181 181   0 181   0 416 416 416 416   0 440   0   0 416 416   0 416 416   0   0 416 416 416 416
257 257 257 257 257 257 257 257   0   0   0   0 257 257 257 257 257 257   0   0 472   0   0   0   0   0 257 257   0 257   0 454 454 454 454 454 454 454 454 454 454 454 454 454 454   0 473   0 473   0 474   0   0 243 243 243 243 243   0 243 243   0 243   0 243 243 243   0   0   0   0 243 243   0 243 243   0 475   0 476   0 460   0 477   0 451 451 451   0 451 451 451 451   0 451 451 451 451   0 181   0 181   0   0 181 181   0 181 181   0   0   0 416 416   0 478   0   0 416 416 416 416 416 416 416   0 416 416
257 257   0 257 257   0 257   0 479 479   0 257 257 257 257 257 257   0 472 472 472 472   0 480   0 257 257 257   0 257 257   0   0 454   0   0 454   0 454   0 454   0   0   0   0   0 473 473 473 473   0   0   0 243   0   0 243 243   0 243 243 243 243 243 243 243   0 481 481   0 482   0 243   0 243   0 243   0   0 476   0   0 477 477   0 451   0 451 451 451   0 451   0   0   0   0   0 451   0 181 181 181   0   0   0 181 181 181   0   0   0 416 416 416   0   0 483   0   0 416 416 416   0 416 416   0   0 416
  0 257 257 257 257   0   0 484   0   0   0   0 257   0 257 257 257   0   0   0 472   0 480 480   0 257 257 257 257   0 257 257   0   0   0 473   0   0   0 485   0   0 486 486   0 473 473 473 473 473   0   0   0   0   0 487   0   0 488   0 243 243   0   0 243 243 243   0 481 481   0 489   0   0 243 243 243 243   0 476 476   0 477 477 477   0   0   0 451   0 490   0 490   0 491 491 491   0 181 181 181   0   0 181 181 181   0 181   0 492 492   0 416   0 416 416   0 416 416 416   0   0   0   0 416 416   0   0
  0 257   0 257 257   0   0 484   0   0 493   0   0 257 257 257 257 257   0 473   0 480 480   0   0 257 257 257   0   0 257   0   0 473 473 473 473 473   0   0 486 486 486   0 494   0 473 473   0   0   0 495 495 495 495   0   0   0   0   0   0   0   0 243 243   0   0 243   0 481 481   0   0   0   0 243   0 243 243   0 476 476   0 477   0 496 496 496   0 490 490 490 490 490   0   0 491   0 181   0 181 181 181 181   0 181   0   0   0 492   0 416 416 416 416   0 416 416 416   0   0   0 497 497   0   0 497   0
257 257 257 257   0 498   0 484   0 499   0 257 257 257   0   0   0   0 473 473 473   0   0   0   0   0 257 257   0 500   0   0 473   0   0 473   0 473   0   0   0   0   0 473   0 473   0 473   0 473 473   0 495   0   0 501 501   0   0   0 243   0 243 243   0 502   0 243 243   0   0 243 243   0   0 243 243   0 243 243   0   0   0   0   0 496   0 496   0   0 490 490 490 490 490   0 491   0 181 181   0   0 181 181 181 181   0 503   0   0 416 416 416 416 416 416   0 416 416   0 416   0   0 497 497 497 497 497
257 257 257   0   0   0   0   0   0 499 499   0 257 257 257 257   0 473 473   0 473 473   0 257 257 257 257   0 473   0 473 473 473 473 473 473   0 473 473 473 473 473   0 473 473 473   0 473 473 473 473   0   0   0 501 501 501   0   0 243 243   0   0 243   0 502   0 243 243 243 243 243 243 243 243 243 243   0   0   0   0 504   0 505   0   0 506   0   0 490 490 490   0   0   0 181   0 181 181 181   0 507   0   0 181 181 181   0 416 416 416 416 416 416   0 416   0 416 416 416 416   0   0   0   0   0   0   0
257   0 257   0 508 508 508   0 499 499 499   0 257   0 257   0 473 473 473   0   0 473   0   0   0 257 257   0 473 473 473   0 473   0   0   0   0 473 473 473   0   0 473   0 473   0   0 473 473   0 473   0   0 501   0   0 501   0 243 243 243 243 243 243 243   0 243   0   0   0 243 243   0 243 243 243   0 490 490 490   0   0   0   0 490   0   0 490   0 490   0   0   0 509   0 181 181 181   0 181   0   0 510 510   0 181   0 511   0 416 416   0   0 416   0 416 416 416   0   0   0 512   0   0   0 513   0 514
257 257 257 257   0   0 508   0   0   0   0 257 257 257 257   0   0   0 473   0   0 473   0   0   0 257   0   0 473   0 473   0 473 473 473 473   0   0   0 473 473 473 473 473 473   0   0 473   0   0   0 473   0 501 501 501 501   0   0 243 243 243 243 243 243 243 243 243   0 243 243 243 243 243   0 243   0 490   0 490   0 490 490   0 490 490 490 490   0 490 490 490   0   0 181 181 181 181 181 181   0   0   0   0 511   0 511 511   0 416 416 416   0   0 416 416 416   0   0 416   0 512 512   0   0 513   0   0
257   0   0 257   0 257   0 257 257   0 257 257 257 257 257   0 515   0   0 473 473 473 473 473   0   0 473 473 473 473   0   0 473   0 473 473   0 473   0 473 473 473   0 473 473   0 473 473   0   0 473 473 473   0   0   0 501 501   0   0   0 243 243   0   0 243 243   0   0   0   0 243   0 243   0   0 490 490 490 490 490 490 490 490 490 490 490 490 490   0 490 490   0 181 181 181   0 181 181   0 516   0 516   0 511 511 511   0 416 416 416   0 416 416   0 416 416 416   0 416 416   0 512 512   0   0 517   0
  0 257 257 257 257 257 257 257   0   0   0   0 257 257 257   0   0 518 518   0   0 473   0 473   0   0   0 473   0 473   0   0 473   0   0   0 473 473 473 473   0 473   0 473   0   0 473 473   0   0 473   0 473   0 519 519   0   0 520   0   0   0 243 243 243 243   0 243   0 243 243 243 243   0   0   0   0 490 490   0   0 490 490 490 490 490 490 490 490 490 490 490   0   0   0   0 181 181   0 516 516 516 516   0   0   0 511   0 416 416 416 416 416   0   0 416 416 416 416   0 416   0   0 512   0 521   0 522
  0 257   0 257 257 257 257 257 257 257 257   0   0   0   0 523 523   0   0   0 524   0   0 473   0 525   0 473 473   0 473 473 473   0 526   0   0 473 473   0 473 473 473 473 473 473 473   0 473 473 473 473   0 473   0   0 527 527   0   0 527 527   0 243 243   0 243 243   0 243   0 243 243   0   0   0   0   0   0   0 490 490   0   0 490   0 490   0 490 490   0 490 490   0   0 490   0   0   0 516 516 516   0 528   0 528   0 416 416 416 416 416   0   0   0   0   0 416 416 416 416   0   0   0   0   0   0 522
529   0   0 257   0 257 257 257   0 257 257 257   0 530 530   0 523 523   0   0 524   0   0 473 473   0   0 473 473 473 473 473 473 473   0   0 473   0 473 473   0 473 473 473 473 473 473 473   0   0   0 473   0 473 473   0 527 527 527 527 527   0 243 243 243 243 243 243 243 243 243 243   0 531   0   0   0 532 532   0 490 490   0 490 490 490   0 490 490 490 490 490 490 490 490 490 490 490   0   0 516   0   0 528 528 528 528   0 416   0 416 416 416 416   0   0   0 416   0   0   0 533   0   0   0 533   0 522
  0 534   0 257   0 257 257   0 257 257 257   0 535   0 530   0   0   0 536   0   0   0   0   0 473 473 473 473 473 473 473 473 473   0 473 473 473 473 473 473 473   0 473 473   0 473 473   0   0   0   0 473   0 473 473 473   0 527 527   0 527 527   0 243   0   0   0 243 243   0   0 243   0   0 537 537   0 532 532   0   0 490 490   0 490   0 490 490   0 490 490   0 490   0   0 490   0   0 538   0   0 528 528 528   0 528 528   0   0   0 416   0   0 416   0 416 416 416 416 416   0 533 533 533   0 533 533   0
257   0 539   0 257 257 257 257 257 257 257 257   0   0 530   0 257   0 536 536 536 536   0 540   0   0 473   0 473   0   0   0   0   0 473   0   0 473   0 473 473 473   0   0 473   0   0 473   0 473 473 473 473 473   0   0 541   0 527 527   0 527 527   0   0 243 243   0 243 243   0 243 243   0   0   0 532 532   0   0 490 490 490   0   0 490 490 490   0   0 490 490 490   0   0   0   0   0   0 542   0   0   0   0 543   0   0 416 416 416 416 416 416 416 416 416 416 416 416 416   0   0 533 533 533 533 533   0
257   0   0   0   0   0   0 257   0   0   0 257 257 257   0 257 257 257   0   0 536   0 540 540   0 540   0 473 473 473 473   0 473 473 473   0   0   0   0 473   0 473 473 473 473 473 473 473 473 473   0   0   0   0 544 544   0 544   0 527   0   0 527   0   0   0 243 243 243 243 243 243 243   0   0 532 532 532   0   0 490 490 490   0 490 490 490   0   0   0 490 490 490 490 490 490 490 490 490   0 545   0   0   0 543 543   0 416 416   0   0 416 416   0 416 416 416 416 416 416 416 416   0   0 533   0   0   0
257 257 257 257   0   0   0 257   0 546   0 257 257   0 257 257 257 257   0 257   0 540 540 540 540 540 540   0   0   0   0 473 473 473 473   0 473   0 473   0   0 473 473 473   0 473 473   0 473   0 547   0   0 544 544 544 544 544   0 527 527   0   0   0 243 243 243 243 243   0 243   0 243   0   0 532 532 532 532   0 490 490   0 548   0   0   0 549   0 490 490   0 490 490 490   0 490   0   0   0   0   0 543 543 543   0   0 416 416 416   0 416 416 416   0 416   0   0   0 416 416 416 416   0   0 550 550   0
  0   0 257 257 257 257 257 257 257   0 257 257   0 257 257   0 257 257 257 257   0 540 540 540 540   0   0   0 540   0   0   0   0   0 473 473 473   0 473 473 473   0   0 473 473   0 473   0 473 473   0 544 544 544   0   0   0 544 544   0 527   0   0 243 243 243   0 243 243   0 243 243 243   0 243   0 532 532 532   0   0   0 548 548 548   0   0   0   0 490   0 490 490 490   0   0   0   0 551   0   0 543 543 543   0   0 416   0 416   0   0 416 416   0   0   0   0 416 416 416   0   0   0 550 550 550 550 550
  0 552   0 257 257   0 257 257 257 257 257 257 257 257 257   0   0   0 257   0 540   0 540   0 540 540 540 540 540   0 553   0 473 473 473 473 473 473 473 473   0 554   0   0   0 473 473 473 473   0   0 544 544 544 544 544   0   0   0 527 527 527   0   0   0 243 243 243   0   0 243 243 243 243 243   0   0 532 532   0   0   0 548   0 548   0 555   0 490 490 490   0   0   0   0 556   0 551 551 551   0   0   0   0 416   0 416 416 416 416 416 416   0 416 416   0 557   0   0   0   0 558   0 550 550   0   0   0
  0   0 257   0 257 257   0   0   0   0 257 257 257   0   0   0   0 540   0   0 540   0 540 540   0   0 540 540   0 559   0 560   0   0 473 473   0   0   0 473 473   0 561   0 473 473   0 473   0   0   0   0 544 544   0   0   0 527 527 527   0 527 527   0 562   0 243 243   0   0 243   0   0 243   0   0   0   0   0 563 563   0 548 548 548 548   0 490 490   0 490   0 490 490   0   0 551   0 551   0 564   0 416 416 416 416 416 416   0   0 416 416   0 416 416 416   0 416 416   0 565   0   0 550   0 566 566 566
567   0 257 257 257 257   0 568   0   0   0   0   0 569   0   0 540 540 540 540 540 540 540 540 540 540 540 540   0 559   0   0   0 570   0   0 571   0   0 473 473   0 561 561   0 473   0 473 473 473 473 473   0   0 473   0 527 527 527 527 527 527 527 527   0 572   0 243   0 573   0 572 572   0   0 563 563 563 563 563   0   0 548   0 548   0 490 490   0   0 490   0 490   0   0   0 551 551 551   0   0   0   0   0 416   0   0   0 416 416 416 416 416 416   0 416   0 416 416   0   0 574   0   0 566 566 566 566
  0   0 257 257   0   0   0 568 568 568 568   0 569 569   0 540 540 540   0   0   0 540 540 540 540   0   0   0 575   0   0 570 570 570 570 570   0 473 473 473   0   0   0   0 473 473 473   0   0   0   0 473 473 473 473   0   0   0 527   0 527 527 527   0   0 572   0   0 576   0 572 572   0 577   0 563 563 563 563 563 563 563   0 578   0   0   0 490   0 490 490 490 490 490   0   0 551   0 551 551   0 416   0 416 416 416 416 416   0 416   0 416 416 416 416   0   0 416   0   0 574 574   0   0   0 566 566 566
579   0   0   0 580   0   0   0 568   0 568 568   0 569 569   0   0 540   0 540 540 540 540 540   0 581 581   0   0   0 570 570 570 570 570   0   0 473   0 473   0   0   0   0   0 473 473 473   0   0   0 473 473   0 473   0 527 527   0   0 527 527   0 572 572 572   0 582   0 572 572 572 572   0   0   0 563 563 563   0   0 563 563   0   0   0   0 490 490   0   0   0 490 490 490   0 551 551 551   0 416 416   0 416   0 416   0 416   0 416   0   0 416 416 416 416 416 416   0 574 574 574 574 574 574   0   0   0
579   0   0   0 580 580   0 568 568   0 568 568   0   0   0 540 540 540   0 540 540 540   0   0   0 581 581 581 581 581   0 570   0 570   0 473   0 473   0 473   0   0   0   0 473 473 473   0 583   0 583   0 473 473   0 527 527 527 527 527 527 527   0   0 572 572 572   0   0 572 572   0 572   0 584   0 563   0   0 563 563 563 563   0   0 490 490 490 490 490 490 490 490 490 490 490   0 551   0 416 416 416 416 416   0   0   0   0 416 416 416   0   0 416   0 416 416   0   0   0 574 574   0 574 574   0 585 585
579   0   0   0 580 580   0   0   0   0   0   0   0   0 540 540 540 540   0   0 540   0   0 586 586   0   0   0 581 581   0   0 587   0 473 473 473 473   0 473   0   0 588 588   0 473   0   0 583 583 583   0 473   0   0   0   0   0 527 527 527   0 589   0   0 572 572 572 572 572 572   0 572   0   0   0   0   0 590   0   0   0   0 490 490 490 490   0 490 490 490 490 490 490 490   0   0 551   0 416 416 416   0   0   0 591 591 591   0   0 416   0   0   0 416 416 416   0   0 574 574 574   0 574   0   0   0   0
 
id 	size 
2	1	0
3	140	0
4	4	0
5	15	0
6	892	0
7	6	0
8	3	0
9	1	0
10	2	0
11	11	0
12	3	0
13	1	0
14	1	0
15	8	0
16	8	0
17	1	0
18	14	0
19	10	0
20	868	0
21	34	0
22	6	0
23	1	0
24	2	0
25	4	0
26	5	0
27	10	0
28	1	0
29	1	0
30	27	0
31	1	0
32	1	0
33	1	0
34	1	0
35	1	0
36	4	0
37	153	0
38	3	0
39	1	0
40	1	0
41	2	0
42	1	0
43	1	0
44	1	0
45	1	0
46	3	0
47	1	0
48	1	0
49	2	0
50	1	0
51	1	0
52	2	0
53	2	0
54	545	0
55	1	0
56	1	0
57	1	0
58	2	0
59	1	0
60	6	0
61	1	0
62	3	0
63	1	0
64	1	0
65	1	0
66	1	0
67	28	0
68	2	0
69	1	0
70	1	0
71	1	0
72	2	0
73	3	0
74	1	0
75	1	0
76	12	0
77	4	0
78	1	0
79	2	0
80	1	0
81	9	0
82	1	0
83	1	0
84	1	0
85	1	0
86	4	0
87	1	0
88	2	0
89	1	0
90	2	0
91	2	0
92	6	0
93	1	0
94	58	0
95	1	0
96	1	0
97	21	0
98	1	0
99	51	0
100	1	0
101	1	0
102	4	0
103	3	0
104	1	0
105	9	0
106	2	0
107	4	0
108	1	0
109	1	0
110	1	0
111	1	0
112	6	0
113	5	0
114	2	0
115	1	0
116	1	0
117	2	0
118	1	0
119	1	0
120	1	0
121	45	0
122	13	0
123	1	0
124	1	0
125	6	0
126	1	0
127	1	0
128	2	0
129	114	0
130	4	0
131	7	0
132	2	0
133	3	0
134	7	0
135	3	0
136	1	0
137	1	0
138	40	0
139	13	0
140	2	0
141	128	0
142	1	0
143	1	0
144	1	0
145	1	0
146	1	0
147	12	0
148	1	0
149	1	0
150	1	0
151	16	0
152	8	0
153	1	0
154	1	0
155	1	0
156	3	0
157	1	0
158	12	0
159	1	0
160	1	0
161	10	0
162	3	0
163	3	0
164	1	0
165	5	0
166	14	0
167	1	0
168	3	0
169	9	0
170	1	0
171	1	0
172	1	0
173	1	0
174	10	0
175	1	0
176	2	0
177	11	0
178	1	0
179	4	0
180	4	0
181	1092	0
182	1	0
183	1	0
184	2	0
185	24	0
186	7	0
187	1	0
188	1	0
189	1	0
190	82	0
191	1	0
192	1	0
193	1	0
194	1	0
195	1	0
196	1	0
197	1	0
198	1	0
199	4	0
200	1	0
201	1	0
202	1	0
203	1	0
204	1	0
205	7	0
206	1	0
207	1	0
208	1	0
209	1	0
210	1	0
211	7	0
212	11	0
213	1	0
214	1	0
215	1	0
216	1	0
217	2	0
218	1	0
219	1	0
220	1	0
221	1	0
222	1	0
223	1	0
224	1	0
225	6	0
226	1	0
227	170	0
228	1	0
229	1	0
230	2	0
231	1	0
232	2	0
233	11	0
234	1	0
235	3	0
236	1	0
237	1	0
238	5	0
239	1	0
240	1	0
241	6	0
242	67	0
243	1111	0
244	1	0
245	8	0
246	3	0
247	1	0
248	4	0
249	3	0
250	1	0
251	1	0
252	2	0
253	1	0
254	1	0
255	6	0
256	1	0
257	709	0
258	1	0
259	2	0
260	1	0
261	3	0
262	1	0
263	17	0
264	7	0
265	1	0
266	26	0
267	1	0
268	2	0
269	79	0
270	1	0
271	1	0
272	2	0
273	7	0
274	2	0
275	1	0
276	1	0
277	2	0
278	1	0
279	3	0
280	1	0
281	1	0
282	1	0
283	1	0
284	1	0
285	8	0
286	1	0
287	1	0
288	1	0
289	1	0
290	2	0
291	23	0
292	1	0
293	1	0
294	1	0
295	48	0
296	2	0
297	1	0
298	1	0
299	7	0
300	2	0
301	5	0
302	1	0
303	1	0
304	1	0
305	5	0
306	6	0
307	1	0
308	1	0
309	18	0
310	9	0
311	1	0
312	2	0
313	1	0
314	1	0
315	1	0
316	1	0
317	1	0
318	3	0
319	1	0
320	1	0
321	94	0
322	3	0
323	3	0
324	1	0
325	3	0
326	2	0
327	1	0
328	2	0
329	1	0
330	4	0
331	1	0
332	2	0
333	4	0
334	1	0
335	5	0
336	1	0
337	2	0
338	2	0
339	1	0
340	3	0
341	1	0
342	1	0
343	4	0
344	5	0
345	6	0
346	7	0
347	1	0
348	1	0
349	1	0
350	1	0
351	1	0
352	2	0
353	1	0
354	2	0
355	2	0
356	1	0
357	1	0
358	3	0
359	1	0
360	1	0
361	46	0
362	3	0
363	1	0
364	1	0
365	3	0
366	1	0
367	4	0
368	3	0
369	1	0
370	29	0
371	1	0
372	1	0
373	1	0
374	1	0
375	33	0
376	1	0
377	1	0
378	3	0
379	38	0
380	1	0
381	3	0
382	1	0
383	1	0
384	1	0
385	2	0
386	1	0
387	1	0
388	2	0
389	2	0
390	2	0
391	1	0
392	1	0
393	3	0
394	2	0
395	9	0
396	1	0
397	3	0
398	5	0
399	5	0
400	1	0
401	2	0
402	1	0
403	1	0
404	1	0
405	42	0
406	1	0
407	1	0
408	7	0
409	2	0
410	1	0
411	1	0
412	9	0
413	1	0
414	6	0
415	1	0
416	301	0
417	1	0
418	1	0
419	1	0
420	1	0
421	1	0
422	1	0
423	2	0
424	4	0
425	46	0
426	2	0
427	1	0
428	1	0
429	2	0
430	1	0
431	6	0
432	1	0
433	5	0
434	1	0
435	1	0
436	3	0
437	1	0
438	1	0
439	5	0
440	25	0
441	1	0
442	1	0
443	22	0
444	1	0
445	1	0
446	4	0
447	1	0
448	3	0
449	1	0
450	1	0
451	48	0
452	1	0
453	18	0
454	42	0
455	2	0
456	10	0
457	1	0
458	1	0
459	3	0
460	8	0
461	1	0
462	3	0
463	1	0
464	1	0
465	1	0
466	1	0
467	1	0
468	1	0
469	1	0
470	1	0
471	1	0
472	6	0
473	305	0
474	1	0
475	1	0
476	6	0
477	7	0
478	1	0
479	2	0
480	5	0
481	6	0
482	1	0
483	1	0
484	3	0
485	1	0
486	5	0
487	1	0
488	1	0
489	1	0
490	175	0
491	5	0
492	3	0
493	1	0
494	1	0
495	5	0
496	5	0
497	8	0
498	1	0
499	6	0
500	1	0
501	13	0
502	2	0
503	1	0
504	1	0
505	1	0
506	1	0
507	1	0
508	4	0
509	1	0
510	2	0
511	8	0
512	6	0
513	2	0
514	1	0
515	1	0
516	10	0
517	1	0
518	2	0
519	2	0
520	1	0
521	1	0
522	3	0
523	4	0
524	2	0
525	1	0
526	1	0
527	56	0
528	11	0
529	1	0
530	4	0
531	1	0
532	18	0
533	13	0
534	1	0
535	1	0
536	6	0
537	2	0
538	1	0
539	1	0
540	64	0
541	1	0
542	1	0
543	9	0
544	20	0
545	1	0
546	1	0
547	1	0
548	12	0
549	1	0
550	10	0
551	17	0
552	1	0
553	1	0
554	1	0
555	1	0
556	1	0
557	1	0
558	1	0
559	2	0
560	1	0
561	3	0
562	1	0
563	24	0
564	1	0
565	1	0
566	10	0
567	1	0
568	12	0
569	5	0
570	13	0
571	1	0
572	26	0
573	1	0
574	17	0
575	1	0
576	1	0
577	1	0
578	1	0
579	3	0
580	5	0
581	9	0
582	1	0
583	5	0
584	1	0
585	2	0
586	2	0
587	1	0
588	2	0
589	1	0
590	1	0
591	3	0
