  2   0   0   3   3   3   3   3   3   3   0   0   0   4   4   0   0   0   0   0   5   5   5   5   0   0   6   6   6   0   7   0   6   6   0   8   8   8   8   0   9   0   0  10   0  11  11   0  12  12  12   0  13   0  14   0  15   0  16  16  16   0  17  17  17   0   0  18   0   0   0   0   0   0  19  19   0  20  20   0  20  20  20   0   0  20  20  20   0   0  21  21   0  21  21  21   0  22   0  23   0   0   0   0  24  24   0  25   0  26  26  26  26   0  27  27  27   0   0   0  28   0  28  28  28   0  29   0
  0  30   0   0   0   0   0   0   0   3   3   0   0   0   0   0   0   0  31   0   0   5   0   0   6   6   6   6   6   0   0   6   6   6   6   0   8   8   0   0   0  32   0   0   0   0   0   0  12  12  12   0  13  13   0   0   0   0  16  16   0  17  17  17  17   0  33   0   0  34  34  34  34   0  19  19   0   0  20  20  20   0  20  20  20  20   0  20   0   0  21   0   0  21  21   0  22  22   0   0   0   0   0  35   0   0   0  25  25   0   0   0   0   0  27   0   0  25  25   0  28  28  28  28   0  36   0  37
 38   0   0  39   0   3   3   3   0   3   0   3   3   0  40   0  31   0  31   0   0   5   5   0   6   6   6   0   6   0   6   6   6   6   6   0   0   0   0  41  41   0   0   0  41   0   0  12  12  12  12  12   0   0  42  42  42   0  16  16   0   0  17   0   0  43   0  44   0  34  34  34  34   0  19   0   0   0   0   0  20  20  20   0  20  20  20  20  20   0  21  21  21  21   0  22  22  22   0   0  45   0  46   0  47   0  25  25   0  25   0  25  25   0  27   0  25  25   0   0   0  28   0  28   0   0  48   0
  0  49   0  39  39   0   0   3   3   3   3   3   0   0   0   0  31  31  31  31   0   0   5   0   0   0   0   6   6   0   6   6   6   6   6   0   0  41  41   0  41   0   0  41  41  41   0   0   0   0   0   0   0  50   0   0   0   0  16   0  51   0   0  51  51   0   0   0   0   0  34  34   0   0  19   0   0  20  20  20  20  20  20   0  20  20   0   0   0   0   0   0  21   0  21   0   0   0   0   0  45   0   0   0   0  25  25  25  25  25   0   0  25  25   0  25  25   0   0  25  25   0  52   0  53  53   0   0
  0   0  54   0  39   0   3   3   0   0   0   0  31  31  31  31  31   0   0  31   0   5   5   5   5   0  55   0   6   0   6   0   6   6   0  56   0  41   0   0  41  41   0  41  41   0   0   0  57  57   0   0  58   0  59   0   0  51   0   0  51  51   0  51   0   0   0   0   0  34  34   0   0  19  19   0  20  20  20   0  20   0  20   0   0  20   0  60  60   0   0  21  21   0  21  21  21  21   0  61   0  25  25  25  25   0  25   0   0  25  25  25  25  25   0   0  25  25  25   0  25   0   0  62   0  53   0  25
 63   0   0   3   0   3   3   3   0   0   0  31  31  31  31  31   0  64  64   0   5   5   0   0   0  55  55   0   6   6   6   6   6   6   0   0  41  41  41  41  41  41  41  41  41   0  41   0   0  57  57  57   0  57   0  51  51  51  51  51  51  51  51  51   0   0  65  65   0   0   0   0   0   0  19   0  20   0  20   0   0  66   0  20  20   0  67   0   0   0   0   0  21   0   0  21  21   0  68   0   0   0  25   0  25  25  25  25  25  25  25  25  25  25  25  25   0   0  25  25  25  25   0   0  69   0  25  25
 63   0   0   3   0   3   0   3   3   3   0  31   0  31   0   0   0   0   0   0   0   0  70  70   0   0  55  55   0   0   0   6   0   0  71   0  41  41  41  41  41   0  41  41  41  41  41  41  41   0  57  57  57  57   0   0   0  51  51   0  51   0  51   0   0  65  65   0  72   0   0   0   0   0   0   0   0  20  20  20  20   0  20  20  20  20   0   0  25  25  25   0  21  21  21  21  21   0  68   0  25  25  25  25  25  25   0  25   0   0  25   0  25  25   0  25   0  25  25  25  25   0  25  25   0  25  25  25
  0   3   3   3   3   3   3   3   0   0   3   0  31  31   0   0   0   0   3   3   3   3   0   0   0  73   0   0  74  74  74   0  74   0   0   0   0   0  41   0   0   0  41   0  41  41  41   0  41  41   0   0  57   0  75   0  51  51  51   0   0   0   0   0   0  65   0   0   0  76  76  76  76   0  20  20  20  20   0  20  20  20  20   0   0   0   0  25   0  25  25  25   0  21  21  21  21   0   0   0  25   0  25  25   0  25   0  25   0  77   0  25  25   0  25  25   0  25   0  25   0  25   0  25  25  25  25  25
  0   3   3   3   3   3   0   3   0   3   3   0  31  31   0  78   0   3   3   3   3   3   0   0  79   0  74  74  74  74  74  74  74   0   0   0   0   0  41  41   0   0  41   0   0  41   0  41  41   0   0   0   0   0  75  75   0  51   0  65   0  65   0   0   0  65  65  65  65   0   0   0   0   0   0   0  20   0  80   0  20  20   0  20  20   0  25  25  25   0  25  25  25   0   0  21   0   0  25   0   0   0   0  25   0   0  25  25   0   0   0   0   0  25   0  25   0  25  25  25  25  25   0  25   0   0  25   0
  3   0   3   0   3   3   3   3   0   3   3   0   0  31  31   0   0   3   3   0   0   0  81   0   0   0  74  74   0  74   0   0   0  81   0   0   0  41  41   0   0  41  41   0  82   0  41  41   0   0  83   0  83  83   0   0  51  51   0  65  65  65   0  65  65  65  65  65   0   0   0   0  65  65  65   0   0   0  80  80   0  20  20  20   0  25  25   0  25  25  25   0   0  25   0   0  25  25  25   0   0   0   0   0   0  25  25   0   0  84   0   0   0  25   0   0  25  25  25  25  25  25  25  25   0  25  25   0
  3   3   0   3   3   0   0   3   3   3   3   3   0   0   0   0   3   3   0   0   0  81  81  81   0   0   0  74   0  74   0   0   0  81   0  81   0   0   0  85   0  41   0   0   0   0   0   0  86   0  83  83  83  83   0   0  51  51   0  65  65   0  65  65  65   0   0  65  65  65  65  65  65  65   0   0   0  65   0   0  20  20  20   0   0  25  25  25  25  25  25   0  25  25  25  25  25   0   0  25  25   0  25  25   0   0  25  25   0  84   0  87   0  25  25   0  25  25   0   0   0   0   0  25   0  25  25  25
  0   3   3   3   0   3   3   3   3   3   3   3   3   3   3   3   3   0   0   0   0  81  81  81   0   0  74  74  74   0   0   0   0  81   0  81   0  88  88   0  41  41   0   0  89  89  89   0   0  83  83  83  83   0  51  51  51  51  51   0  65  65   0   0   0  65  65   0  65   0  65  65  65   0   0   0  65  65   0   0  20   0   0  90   0   0  25  25   0  25  25  25  25   0  25  25  25  25  25   0  25  25  25   0   0  91   0  25   0   0  25   0  25  25  25   0  25   0  25  25  25  25  25  25  25  25  25  25
  0   3   3   0  92   0   0   0   3   0   0   3   3   3   3   3   0   0  81  81  81  81   0   0  93   0  74  74  74  74  74   0  81  81  81  81  81   0   0   0  41  41   0  94   0   0   0   0  83  83  83  83   0  51  51   0  51   0   0  65  65  65  65  65  65  65  65  65  65  65  65  65  65  65  65  65  65  65  65   0   0   0  65   0  95  95   0   0  25   0   0  25   0   0  25  25  25   0   0  25  25  25  25   0  25   0   0  25  25  25  25  25  25   0   0   0   0  96   0  25  25   0   0  25   0  25   0  25
 97   0   0  92  92   0  92  92   0   0   0   3   0   3   0   3   0   0  81  81  81   0   0  93  93  93   0  74  74   0   0   0  81  81   0  81   0   0  98  98   0   0  99   0 100 100 100   0  83  83  83   0  51  51   0   0   0  65  65  65  65   0  65  65   0  65   0   0   0  65  65  65   0   0  65   0  65  65  65  65  65   0  65  65   0   0   0  25  25  25  25  25   0  25   0  25  25  25  25  25  25   0  25   0  25  25  25  25  25  25  25  25   0   0   0   0   0   0   0  25   0  25   0  25  25  25  25   0
  0   0 101   0  92  92  92   0   0   0 102   0   0   3   3   3   0   0   0  81  81  81   0   0   0   0  74  74  74   0  81  81  81  81  81   0 103   0   0  98  98  98   0 100 100 100 100 100   0  83   0  51  51  51  51   0  65  65   0  65  65  65   0  65   0   0   0  65  65  65  65  65  65  65  65   0  65  65   0  65  65   0  65  65   0   0  25  25  25  25   0  25   0  25  25  25  25   0  25  25   0   0  25  25  25   0  25   0   0  25   0   0 104   0   0   0   0 105 105   0   0  25  25  25   0  25   0 106
  0   0   0  92  92  92   0   0 107 107   0 108   0   3   0   3   3   0   0   0  81   0  81  81  81   0   0  74  74  74   0  81   0  81   0  81   0   0  98  98   0  98   0   0   0 100   0   0  83  83  83   0  51  51  51  51   0  65   0  65   0   0   0  65   0   0   0  65   0   0  65  65   0   0   0   0  65   0   0  65   0  65  65   0  65   0  25  25   0  25   0  25  25  25   0   0  25  25   0   0  25   0  25   0  25  25  25  25   0  25  25  25   0  25  25   0 109   0 105   0   0  25  25  25   0   0   0   0
110 110   0   0  92   0 111 111   0   0   0   0   0   3   0   3   0   0  81  81  81  81   0   0  81  81  81   0   0  74  74   0  81  81  81  81   0 112   0   0   0  98  98   0   0   0   0  83  83  83  83   0  51  51  51  51   0  65  65   0   0   0  65  65   0   0   0   0   0  65  65  65  65  65  65  65   0   0   0   0   0  65  65  65  65   0   0   0 113   0   0   0  25  25  25  25  25  25  25  25  25   0  25   0   0  25   0  25  25  25   0  25  25  25  25   0 109   0 105   0 114   0  25  25  25  25   0   0
  0   0   0   0   0 111 111 111   0   3   3   3   3   3   3   0   0 115   0  81  81  81   0   0  81  81   0   0  81   0   0   0  81  81   0  81  81   0 116   0   0  98   0 117 117 117 117   0  83   0  83   0  51   0   0   0  65  65   0   0   0   0   0  65   0   0  65   0  65  65  65  65  65  65  65   0   0  65   0   0  65  65  65   0  65  65   0 113 113   0 113   0   0  25  25   0   0  25  25  25  25  25   0 118   0   0  25   0  25  25   0  25  25   0   0   0   0   0   0   0   0   0   0  25   0   0   0   0
119 119 119 119 119   0 111   0   3   3   3   3   3   0   0 120   0 115   0   0  81  81   0  81  81   0   0  81  81   0  81  81  81   0  81  81   0 121   0  98  98  98   0 117 117 117 117   0   0 117   0  51  51  51   0 122   0  65   0  65   0   0  65  65  65   0  65  65  65  65  65   0  65  65   0   0   0  65   0  65   0  65  65   0  65  65   0 113 113 113 113 113 113   0  25   0  25  25   0  25  25  25   0   0   0  25  25  25  25   0   0   0   0   0 123 123   0   0  25   0  25  25   0  25  25  25  25   0
119 119 119 119 119 119   0   0   3   0   0   3   3   0   0   0   0   0   0   0   0  81  81  81   0   0  81  81   0  81   0  81  81  81  81  81  81   0   0   0   0   0 124   0 117   0 117 117 117 117   0  51   0   0 122 122   0   0  65  65  65  65  65  65   0  65  65  65  65   0  65  65  65   0 125   0   0  65  65  65  65  65   0 126   0  65   0   0 113 113   0 113 113 113   0 127   0   0 128   0  25  25  25  25  25  25   0   0  25  25  25  25  25   0 123   0  25  25  25  25  25  25   0  25  25  25  25  25
  0 119 119 119   0   0   3   3   3   0   0   3   3   3   0   0 129   0   0   0   0   0  81  81  81   0   0  81  81  81   0  81  81   0  81  81  81  81   0   0   0   0   0   0 117 117   0   0 117   0 130   0   0 131   0 122   0  65   0  65   0  65   0  65  65   0  65  65  65   0  65  65   0   0 125   0   0  65  65   0  65  65   0 126   0   0   0 132   0   0   0 113   0 113   0 127 127   0   0   0  25  25  25   0  25   0  25  25  25  25  25   0  25  25   0 133   0   0  25   0   0  25  25   0  25  25  25  25
  0   0 119   0 119 119   0   3   3   3   0   0   3   0  81  81   0 134   0   0 135 135   0   0  81  81  81  81   0  81  81   0  81  81  81  81  81   0 136   0   0  65  65   0 117   0 137   0   0   0   0 138 138   0   0   0  65  65   0  65   0   0   0  65  65   0  65  65  65  65  65   0   0   0 125 125 125   0  65   0  65   0   0   0 113 113   0   0 113   0 113   0   0 113   0 127   0  25   0   0   0  25  25   0   0  25  25  25   0  25  25   0  25  25   0   0 139   0   0  25   0  25  25   0   0  25  25  25
119 119 119 119   0 119 119   0   3   3   0   0   3   0  81  81   0   0 135 135 135 135   0  81   0  81  81  81   0   0  81   0  81  81  81   0  81   0 136   0  65  65   0   0 117   0 137   0   0   0   0   0   0   0  65  65  65   0  65  65   0  65  65  65   0   0   0  65  65   0   0   0   0 125 125 125   0  65  65   0  65  65  65   0 113 113 113 113 113 113 113   0 113 113 113   0   0  25  25  25  25  25  25   0   0   0   0   0  25   0   0   0  25  25  25  25   0 140   0  25  25  25  25  25  25  25   0  25
119 119   0 119 119 119 119 119   0   3   0   0   0   0  81   0 141 141   0   0   0   0   0  81  81  81  81   0   0   0  81  81  81   0  81  81  81   0   0   0  65  65   0  65   0   0 137 137   0 142   0   0  65  65  65  65  65   0  65   0   0  65  65   0  65  65  65  65  65   0 143   0   0 125   0   0  65   0  65   0  65   0   0 113 113 113 113 113 113 113 113 113 113   0 113 113   0   0  25  25  25  25   0  25   0  25  25   0  25   0   0 144   0   0  25  25   0   0  25  25  25   0  25   0  25   0 145   0
119   0   0 119 119   0   0 119   0   0   0 146   0   0  81  81   0   0  81   0  81   0 147   0  81   0  81   0  81  81  81   0   0  81  81   0   0 148 148   0   0  65   0  65  65   0 137   0  65   0  65   0  65   0   0  65  65  65  65  65  65  65   0   0  65  65   0  65   0  65   0   0   0   0 149   0  65  65  65   0  65   0 150   0   0   0   0   0   0   0   0 113   0 113 113   0   0 151   0   0  25  25  25  25  25  25  25   0  25   0  25   0 152   0  25  25  25  25  25   0  25   0  25  25  25  25   0   0
119   0   0   0 119 119 119 119   0 153 153   0 153   0   0  81  81  81  81  81  81  81   0   0   0  81   0  81  81  81  81  81  81  81  81   0   0 148 148 148   0  65   0  65  65  65   0  65  65  65  65  65  65   0   0  65  65  65   0  65   0   0 154   0   0  65   0  65   0  65  65  65  65   0   0  65   0   0  65  65  65  65   0   0  65   0   0 113 113 113 113 113   0 113   0   0 151 151   0   0   0  25   0   0  25  25  25  25  25  25  25  25   0   0  25  25  25   0  25  25   0  25  25  25   0   0   0   0
119 119   0 119   0 119 119   0 153 153 153 153 153   0   0  81   0   0   0  81  81  81  81  81  81  81  81  81  81  81   0   0  81  81   0 155   0 148 148   0  65  65  65  65   0  65  65  65   0  65  65   0  65  65   0  65  65  65  65  65  65   0 154   0   0  65   0   0  65  65   0   0   0   0   0  65   0  65   0  65  65  65   0   0  65  65   0 113 113 113   0   0   0   0 156 156   0 151 151   0   0   0  25  25   0  25  25  25   0   0  25  25   0   0   0  25   0 157   0   0  25  25   0   0 158 158   0 159
119   0 119 119 119 119   0   0 153   0 153 153 153 153 153   0 153   0   0  81   0  81   0  81  81  81   0  81   0  81   0 160   0  81  81   0 148 148   0  65  65   0  65   0 161   0   0  65   0  65   0   0   0  65  65   0   0  65  65   0  65   0   0   0  65   0   0  65  65  65  65   0  65   0  65  65  65  65  65  65  65  65   0  65  65  65   0   0   0   0   0   0 162 162   0   0   0 151   0   0 162   0  25  25  25  25  25  25  25   0  25   0 163   0 164   0   0 157 157 157   0   0   0 165   0   0 166   0
  0   0   0   0   0   0 153 153 153 153   0 153 153   0   0   0 153 153 153   0   0   0 167   0   0   0   0  81   0   0   0   0  81  81   0   0 148 148 148   0  65  65   0   0 161 161 161   0 168   0 168 168 168   0  65   0   0  65  65  65   0  65  65  65  65   0  65  65  65  65  65  65  65  65  65   0  65   0  65  65   0  65  65  65  65  65  65  65   0 169 169   0 162 162   0 170   0   0 162 162 162   0   0  25  25   0   0  25   0  25  25  25   0   0   0   0 157 157 157   0 165 165 165 165 165   0   0   0
171   0 172 172   0 172   0   0   0 153   0   0 153 153 153 153 153   0 153 153   0 173   0   0  81  81   0  81  81   0   0   0  81  81  81   0   0   0   0   0   0   0 174   0 161   0 161   0 168 168 168 168 168   0   0   0  65  65  65  65  65  65  65   0  65  65   0  65   0   0  65  65   0   0  65   0  65  65  65  65  65  65   0   0  65  65  65   0 175   0   0 176   0 162 162   0 162 162 162   0   0 162   0   0  25   0   0   0  25  25  25  25   0   0   0   0   0   0   0 177   0 165 165 165 165 165 165 165
171   0 172   0 172 172 172   0   0   0   0 178   0   0 153 153   0   0 153 153   0   0 179   0  81   0  81  81   0  81  81  81  81  81   0 180   0  81   0   0   0 181   0 182   0   0   0 183   0 168   0   0 168   0 184 184   0  65  65  65   0   0  65  65   0  65  65  65  65  65  65  65   0   0   0   0  65  65   0   0  65  65  65  65   0  65  65   0   0 185 185   0   0 162   0 162 162 162 162   0 162 162   0   0  25   0  25  25   0   0  25  25  25  25   0   0   0  25   0   0 186   0 165 165 165 165 165   0
  0   0 172 172 172 172   0   0   0 187 187   0   0   0   0 153 153 153 153   0 179 179 179   0  81  81  81  81  81  81   0  81  81  81  81   0  81  81   0   0   0   0  81   0 183 183   0 183   0   0   0 168 168   0 184 184 184   0  65   0 188   0   0   0 189   0  65  65   0  65   0  65  65  65  65  65   0  65   0   0   0  65   0  65   0   0   0 185   0 185 185   0 162 162 162   0 162   0 162 162 162   0 162   0   0   0   0  25   0 190   0  25  25  25   0  25  25  25  25   0   0   0   0 165 165   0 165 165
  0 172 172 172 172 172 172 172   0 187 187 187   0 191 191   0 153 153   0 179 179 179   0  81   0   0  81  81   0   0  81  81   0  81   0   0   0  81   0  81  81  81  81   0 183 183 183 183 183 183 183   0   0   0   0 184   0 192   0   0   0 193 193 193   0  65  65  65   0   0 194   0  65  65   0   0  65  65  65  65   0  65   0  65   0   0   0 185 185 185 185   0   0 162   0 162 162 162   0   0 162 162 162 162   0   0  25  25   0   0  25  25  25  25  25  25  25  25  25   0 165 165 165 165   0 165 165 165
  0   0   0 172 172 172   0   0 187 187 187   0   0   0 191   0   0 153   0 179   0 179   0  81  81  81  81  81  81  81   0   0  81  81   0  81  81  81   0  81   0   0  81   0   0 183   0   0 183 183   0 193 193   0   0 184 184   0   0 195   0   0 193 193 193   0   0  65   0   0   0   0   0  65  65   0   0   0  65   0   0  65   0  65  65  65  65   0   0   0 185   0 162 162 162 162   0   0 196   0   0 162 162   0 197   0   0  25  25  25  25  25  25  25  25   0  25   0   0   0   0 165 165 165 165 165   0   0
172   0   0 172 172   0 172 172   0   0   0 198 198   0   0 199   0   0 200   0 179 179   0  81   0  81   0  81   0  81   0  81  81  81  81   0  81   0   0  81  81  81   0   0   0 183   0 201   0 183   0   0 193 193 193   0   0   0 195 195   0 193 193   0   0  65  65  65   0 202 202   0 203   0  65   0  65  65  65  65   0   0 204   0  65   0  65   0   0 185 185   0 162 162   0   0   0 205   0 162 162 162   0 206   0   0   0   0   0  25   0   0   0  25  25   0   0 207   0 207 207   0 165   0 165 165   0   0
172 172   0   0 172 172 172   0 208   0 198 198   0 209   0 199 199   0 200   0 179   0 210   0   0  81  81  81  81   0   0  81   0  81   0  81  81  81  81  81  81   0   0   0 211   0   0   0   0   0   0 212   0   0 193   0 195 195   0 195   0   0 193   0   0   0   0  65  65   0 202 202   0   0   0   0   0  65  65   0   0 204 204   0   0  65  65   0   0 185 185   0   0 162   0 162 162   0 162 162 162   0 213   0   0   0   0 214   0  25  25  25   0  25   0 215   0 207 207 207 207   0   0  25   0   0  25  25
172 172 172   0 172 172   0 216   0   0 198 198 198   0   0   0   0   0 200   0   0 217   0 218 218   0  81   0   0   0 219   0  81  81   0  81  81  81   0   0   0 220 220 220   0   0 221 221 221 221   0   0 193 193 193 193   0 195 195 195 195   0 193 193   0   0   0  65  65  65   0 202   0  65  65  65  65  65   0   0 222   0 204   0 223   0  65  65  65   0   0   0   0 162 162 162 162 162 162 162 162 162   0   0 224   0 214 214   0  25  25   0  25  25  25   0 225   0 207 207   0   0  25  25   0  25  25   0
172 172   0 172 172   0   0 216 216   0   0 198   0   0   0   0 226 226   0 227   0 217   0 218 218 218   0   0 228   0   0  81   0  81  81  81   0   0  81  81  81   0   0 220   0   0   0 221 221 221   0 193   0   0   0 193 193   0   0   0 195   0 193   0  65  65  65  65  65  65  65   0   0   0   0  65  65   0 222 222 222   0 204   0 223 223   0  65   0   0   0 229   0 162 162 162   0 162 162   0   0 162 162 162   0 214 214   0  25  25   0 230   0  25  25   0   0  25   0   0   0  25  25  25  25  25  25  25
172   0   0   0 172 172 172   0 216 216   0   0 227 227   0   0   0   0 227 227 227   0   0 218 218 218   0   0 228   0  81  81  81  81  81  81   0  81  81  81   0 231   0   0 221 221 221 221 221 221   0 193 193 193 193 193   0 193 193   0   0   0 193   0   0  65  65   0  65   0  65  65   0  65  65  65   0   0   0   0   0 204 204   0 223 223 223   0   0   0 162   0 162 162 162 162 162 162 162   0 232   0   0 162   0   0 214   0  25   0  25   0  25  25  25  25   0  25  25  25  25   0   0  25  25  25   0  25
172   0 172 172 172 172   0 216 216 216 216   0 227 227 227 227 227 227 227   0   0 233   0 218 218 218   0 228 228   0  81   0   0  81   0  81  81   0  81  81  81   0 234   0   0   0 221 221 221   0 221   0   0   0   0 193 193 193   0   0   0 193 193   0 235   0  65  65   0  65  65  65   0  65   0  65  65  65  65   0 204 204   0 236   0 223 223 223 223   0 162 162 162 162   0 162   0 162   0 237   0   0 238   0   0 239   0 240   0   0  25  25   0  25   0  25  25  25  25  25   0   0   0  25  25   0  25  25
172 172 172   0 172 172 172   0 216   0 216 216   0 227   0   0 227   0   0 241   0 233   0   0   0   0 228 228   0   0  81  81  81  81   0   0  81  81  81  81   0   0   0  81  81   0   0   0 221 221 221 221   0 193 193 193 193   0   0 193 193 193 193   0 235 235   0   0 242   0   0  65   0  65   0  65   0   0   0 243   0 204   0   0 223 223 223   0   0   0 162   0 162   0 244   0   0   0   0   0 245   0   0   0 246   0 247   0   0  25   0  25  25  25  25  25  25  25   0   0  25  25  25  25  25  25   0   0
172 172 172   0   0 172 172 172   0   0   0 216   0 227 227   0 227 227 227   0   0 233 233 233 233 233   0 228   0  81  81   0   0  81  81   0   0  81  81   0  81  81  81  81  81   0 248 248   0   0 221   0   0 193   0   0 193 193 193   0 193 193 193 193   0   0 249   0   0  65  65  65  65   0 250   0   0 244   0   0 204 204   0 251   0 223 223   0 252   0   0 162 162   0 244   0   0   0   0 253   0 254 254 254   0   0   0  25  25  25   0  25  25  25  25   0   0  25  25  25  25   0  25  25  25   0   0 255
172 172   0   0   0 172 172   0 216 216 216 216   0 227   0   0   0   0 227 227   0 233 233 233 233 233   0   0   0  81   0  81  81  81  81  81  81  81   0  81   0  81  81   0   0   0 248 248   0   0   0 193 193 193   0 193   0 193   0   0 193   0   0   0 193   0   0   0  65  65  65   0  65   0   0 244 244 244 244   0 204 204   0   0 223 223 223   0   0   0 256   0 162   0 244 244 244 244   0   0 254 254 254 254   0 257   0  25   0  25  25   0   0  25  25   0  25  25   0  25  25   0  25  25   0  25  25   0
  0   0 172 172   0 172   0 216 216 216 216 216   0   0   0 258   0   0   0   0 259   0   0 233   0 233   0   0   0  81   0  81   0   0  81  81  81  81   0  81  81   0  81  81   0 260   0   0 261 261   0   0   0 193   0 193   0 193 193   0 193 193 193 193 193 193   0   0   0  65  65  65   0   0 244 244 244 244   0   0   0   0 244 244   0 223   0   0 244 244   0   0 162   0 244 244 244 244   0 244   0   0   0   0 262   0   0   0  25  25  25  25  25   0  25   0  25  25  25  25   0  25  25  25   0   0  25  25
172 172 172 172 172 172 172   0   0   0   0   0   0   0   0   0   0   0   0   0   0 233 233 233 233   0 233   0   0   0   0   0 263   0   0  81  81  81  81  81   0  81  81   0 260 260 260 260   0 261   0   0 193 193 193 193 193 193   0   0   0   0 193 193 193 193 193 193 193   0  65   0   0   0   0 244   0 244 244 244 244 244 244   0 223 223   0 244 244 244 244   0   0 244 244   0 244 244   0 244   0   0   0   0   0   0 244 244   0  25  25  25  25  25  25  25  25  25   0  25   0   0   0  25  25  25  25  25
  0 172 172   0 172 172   0   0   0 233 233 233 233   0 233   0 233 233   0 233 233 233   0 233 233 233 233 233 233   0   0   0   0 264   0  81   0   0  81   0  81  81  81   0 260 260   0   0 261 261 261   0 193 193   0 193 193 193 193 193 193 193 193 193 193 193   0 193   0 265   0 244   0 244   0   0   0   0   0   0   0 244 244   0   0   0 244 244 244   0 244   0 244 244 244 244   0 244   0 244 244   0 244 244 244 244 244 244   0  25   0  25   0   0  25  25   0  25   0   0  25   0  25  25  25  25  25  25
172 172   0   0   0 172 172   0   0   0 233   0 233 233 233 233 233 233   0   0 233 233   0 233 233   0   0   0   0  81   0 266 266   0   0   0   0  81  81   0  81  81  81  81   0   0   0   0 261 261 261   0 193 193   0 193 193   0 193 193 193 193   0   0   0 193   0   0 193   0 244 244 244 244   0   0 244 244 244   0   0 244   0 244   0 244   0 244   0 244 244 244   0 244 244   0 267   0   0 244 244 244   0 244   0 244   0   0 244   0  25  25  25  25   0   0 268   0   0  25  25  25  25  25  25   0   0  25
  0   0   0   0   0   0 172 172 172   0 233 233   0   0   0 233   0 233   0 233 233 233 233 233 233 233   0  81  81  81   0   0   0 269   0   0   0  81  81  81  81  81   0   0  81   0   0 270   0 261   0 193 193   0 193 193 193 193 193   0 193   0   0   0   0 193 193 193 193   0   0   0 244   0   0   0 244   0   0 244   0 244   0 244 244 244 244 244   0 244   0   0   0 244 244 244   0 271   0   0   0 244 244 244 244 244 244 244 244   0  25  25   0   0   0  25   0 272 272   0  25   0  25   0   0   0   0  25
273 273   0   0   0 274   0 172 172 172   0 233   0 275   0 233 233 233   0 233   0   0 233 233 233 233   0  81   0  81   0  81  81   0   0  81  81  81  81   0  81  81   0   0  81  81   0   0   0   0 276   0   0   0 193 193 193   0 193 193 193 193   0   0   0 193 193 193 193   0 277   0 244   0 244 244 244   0 244 244 244 244 244 244   0   0 244 244 244 244 244 244   0 244   0 244   0   0 244 244   0 244 244 244 244 244 244   0   0  25  25   0  25  25  25  25  25   0   0  25   0   0   0  25  25  25   0   0
273 273 273 273 273   0 172 172   0   0 233 233   0   0 233 233 233 233 233 233 233   0   0   0 233   0  81  81  81  81   0  81  81   0   0  81  81  81  81   0  81  81  81  81   0  81  81  81   0 276 276 276 276   0 193   0 193   0 193 193 193   0 193 193 193 193   0   0   0   0   0   0 244 244 244   0 244 244   0   0   0 244 244 244   0 244 244   0   0 244 244 244 244   0 244 244   0   0 244 244   0 244 244   0 244   0   0   0  25  25  25  25  25  25  25   0  25   0  25  25  25  25  25  25   0  25  25  25
  0   0 273   0 273   0   0   0   0 278   0 233   0   0   0 233 233   0   0   0   0 279   0 280   0  81  81   0  81  81   0  81  81  81   0   0  81   0   0   0   0   0  81  81   0  81   0   0   0 276   0   0   0   0   0   0   0 281   0 193 193 193 193 193 193   0 193 193   0   0   0 244 244   0   0 244 244   0   0 244 244   0 244 244   0 244 244 244 244 244 244   0 244   0 244 244 244 244 244 244 244 244   0 244   0   0  25   0  25  25   0  25  25   0   0  25  25  25  25  25  25  25  25  25   0  25  25  25
  0 273 273   0   0 282   0 278 278 278 278   0 283 283 283   0 233   0   0 284 284   0 285   0  81   0   0   0  81   0 286   0  81  81  81  81  81  81  81  81  81   0  81  81  81  81   0 287   0   0   0   0 288 288   0   0 193   0 193 193 193 193 193 193   0 193 193   0   0 244 244   0 244   0   0 244 244 244 244 244 244 244 244   0   0   0   0   0   0 244   0 244 244 244 244   0 244 244   0   0   0 244 244 244   0   0  25  25  25   0 289   0   0   0  25  25   0  25  25  25   0   0   0  25  25   0   0   0
  0 273   0 290   0 282   0 278   0 278 278   0 283   0 283 283   0 291   0   0   0  81   0   0  81   0  81  81  81  81   0  81  81  81  81  81  81  81   0   0  81  81   0  81   0   0 287 287   0 193 193 193   0   0 193 193 193 193 193 193 193   0   0 193 193 193   0 244 244 244   0   0 244 244 244   0   0   0 244 244 244 244 244   0 244 244 244   0   0 244   0 244 244   0   0   0   0   0 292   0 244 244   0   0   0   0   0  25   0   0 289   0 293 293   0   0  25  25  25  25  25   0   0   0  25   0   0  25
294   0   0 290 290   0 278 278 278   0 278 278   0 283 283   0   0   0 283   0  81  81  81  81  81  81   0  81  81  81  81  81  81   0  81   0  81  81   0  81  81  81   0   0 287 287   0 287 287   0 193 193 193 193 193 193 193   0   0   0   0 193 193 193   0   0 244   0   0 244 244   0 244   0   0   0 295   0 244 244 244 244 244 244 244   0   0 244 244 244   0   0 244 244 244 244   0 292 292 292   0 244 244 244 244 244 244   0   0   0   0 296   0 293   0   0   0  25  25   0  25   0   0   0  25  25  25  25
  0   0 290 290   0   0 278 278 278   0   0 278   0 283 283   0   0 283 283   0  81  81   0  81   0  81  81  81  81   0  81  81  81  81   0 297   0   0   0   0   0  81   0   0   0 287 287 287   0 193 193   0   0   0   0   0   0 193 193 193 193   0 193   0   0   0 244 244 244 244 244 244 244 244 244   0   0   0 244   0 244 244   0 244   0   0 244 244 244   0 244 244 244   0 244 244   0   0   0   0   0   0   0 244   0 244   0   0   0 298   0 296 296   0 299   0  25  25   0 300   0 301   0   0  25  25  25  25
  0   0 290   0 278 278 278 278   0 278 278   0 278   0 283 283 283 283   0  81  81   0   0  81   0   0  81   0  81   0   0  81  81   0   0 297   0   0 302   0 303   0 304 304   0 287 287 287   0   0 193   0   0   0 305   0 306   0 193   0 193 193 193   0   0 244 244 244 244   0 244 244 244 244 244   0   0 244   0   0 244   0 244 244 244   0   0   0   0 244 244   0 244 244 244 244   0   0 307 307 307   0 244 244   0 244   0 308 308   0 309   0 296 296   0 301   0   0 300 300   0 301 301 301   0   0   0  25
  0 290 290   0   0 278 278   0 278 278 278 278 278 278   0 283   0   0  81  81   0   0   0  81   0  81  81   0  81   0   0  81   0   0 302   0   0 302 302 302   0 304 304   0   0 287   0   0   0   0 193 193   0   0 305   0   0 310   0 193 193   0   0 311 311   0 244   0   0   0   0 244 244   0 244   0   0 244 244 244 244 244   0   0 244 244 244 244   0 244   0 244 244   0   0 244 244   0   0   0 307   0 244 244 244   0   0 308   0 301   0 312   0   0 301 301   0   0 300   0   0   0 301 301 301   0 301   0
  0   0 290 290 290   0 278 278 278 278 278   0 278 278   0 283 283   0   0  81   0   0 313   0 314   0  81   0   0   0 315   0 316   0 302   0 302   0 302 302 302   0 304 304   0 287   0 317   0   0   0   0   0 318   0 319 319   0 193 193 193 193   0   0   0   0 244 244 244   0   0 244   0 244 244 244   0   0   0   0   0 244   0 320   0   0 244 244   0   0 244 244 244 244 244 244   0 321 321 321   0   0 244 244 244 244   0   0 301 301   0   0 301   0 301   0   0   0 300 300   0 322   0   0 301 301 301   0
  0 323   0   0   0   0 278   0   0   0 278   0 278 278   0   0   0   0   0   0 324   0   0   0 314 314   0   0   0 325   0 316 316   0 302   0 302 302 302 302 302   0 304   0   0 287   0 317   0 317 317 317 317   0 317   0   0 317   0   0 193 193   0 244 244 244   0   0   0 244 244 244 244   0 244   0   0 326   0 326 326   0 326   0   0   0 244   0 327   0 244   0 244   0 244 244   0   0   0   0   0 328   0   0 244   0 329 329   0 301 301 301 301 301 301   0 330   0   0   0   0   0   0   0 301 301 301 301
331   0 332   0 333 333   0 334 334 334   0   0   0   0 335 335   0   0 324 324 324   0 336 336   0 314   0   0   0   0   0 316 316   0 302 302 302 302   0 302   0   0 304   0 337   0 317 317 317 317   0   0 317 317 317 317   0 317   0   0 193 193 193   0   0 244 244 244 244   0   0 244 244 244   0   0 326 326 326   0 326 326 326 326   0   0   0   0   0 244 244 244 244   0   0   0 244 244 244 244   0 328   0   0 244   0   0 329 329   0   0 301 301 301   0 301   0   0   0 301 301 301 301   0 301 301   0 301
331   0   0 338   0   0 334 334 334 334   0   0 339 339   0 335   0   0 324 324   0   0   0   0 314 314   0 340   0   0 316   0 316   0   0 302 302 302   0 302   0 341   0   0   0   0 317 317 317   0 317 317 317   0   0 317 317 317   0   0 193   0 193   0 244 244   0 244 244 244 244 244 244 244   0 326 326 326 326 326 326 326 326   0   0   0 244 244 244 244 244   0   0 342   0   0 244 244   0   0   0   0 244 244 244   0 343   0 329   0 301 301   0 301 301 301 301 301 301 301   0 301 301 301 301   0 301 301
331   0 344   0 334 334 334 334 334   0 334   0   0   0   0 335 335   0 324   0   0 340 340   0   0   0 340 340   0 316 316 316 316 316   0 302 302 302 302 302   0   0 317 317 317 317   0 317 317 317   0 317 317   0   0 317   0   0   0   0   0 345   0   0   0   0   0 244 244 244 244 244 244 244 244   0   0 326   0 326   0   0   0 244 244 244 244   0   0   0   0   0 346   0 244 244   0 244 244 244 244 244 244   0   0 343 343   0 329   0   0   0   0 301   0 301   0 301 301   0   0   0   0 301 301 301   0 301
331   0   0   0 334 334 334   0 334 334 334 334   0 334 334   0 335   0   0   0   0   0 340 340 340 340 340   0 316 316   0   0   0   0 302 302 302 302 302 302 302   0   0 317   0   0   0 317   0 317   0   0   0 347   0 317 317 317 317 317   0   0   0 244 244 244 244 244   0 244   0   0 244 244   0 348   0 326   0 326 326 326   0 244 244 244   0 244 244 244 244 244   0   0 244   0 244 244 244   0 244   0   0   0   0   0   0   0 329 329 329 329   0   0 349   0   0 301   0   0   0 350 350   0   0   0   0   0
331 331 331 331   0   0   0 351   0   0 334 334 334 334   0 352   0 352 352 352   0   0 340   0 340   0   0 316 316   0   0 302 302 302 302 302   0   0 302   0   0 317 317 317 317 317 317 317   0 317 317 317 317   0 317 317   0   0   0 317   0 317   0   0 244   0 244 244   0   0   0   0 244 244   0   0   0   0 353   0   0   0 244 244   0 244   0   0 244 244 244 244   0 244 244 244 244   0 244   0 244   0 354   0   0 355   0 356   0 329   0 329   0 329   0 357 357   0   0   0   0 350 350   0 358 358 358   0
  0 331 331   0 359   0   0   0 360   0 334 334   0   0   0 352 352 352 352 352   0 340 340 340 340 340   0 316 316 316 316   0 302 302 302 302 302   0 302 302   0   0   0   0 317   0 317   0   0   0   0 317 317 317   0   0 361   0   0 317 317 317   0   0 244   0 244 244 244 244 244   0   0 244   0 362 362 362   0   0   0   0   0   0   0 244 244 244 244 244   0 244 244 244 244   0 244 244   0   0 244 244   0   0 356   0 356 356   0   0   0 329 329 329 329   0   0 363 363   0   0 350 350 350   0 358 358   0
  0 331 331   0   0   0   0 334   0   0   0 334   0 364   0 352 352 352 352   0 365   0   0   0 340   0 316 316   0   0 316   0   0   0 302   0 302   0 302   0 302 302   0   0 317   0 317 317   0   0   0 317   0 317 317 317   0   0   0 317   0   0 244 244 244   0 244   0   0 244   0 366 366   0 362 362 362 362 362   0 362 362 362   0   0 244 244 244   0 244   0   0 244 244   0   0   0 244   0   0 244 244   0 356 356 356 356 356   0 329 329 329 329 329 329 329 329   0   0   0 367   0 350   0   0   0 358 358
  0 331 331   0   0 334 334 334   0 334 334 334 334   0   0   0   0   0 352   0   0 340 340 340 340 340   0 316 316 316 316 316 316   0 302 302 302   0 302 302 302 302 302 302   0   0   0   0   0   0   0 317 317   0   0   0   0   0 317 317   0 244 244 244 244 244 244 244 244 244   0 366 366 366   0 362   0   0 362 362 362 362   0 362 362   0 244   0   0 244 244 244   0 244 244 244 244   0   0 244 244 244   0 356   0 356 356   0 329 329 329 329   0   0   0 329 329   0   0 367 367   0   0 358 358 358 358   0
368   0   0   0 369   0   0 334 334 334 334 334 334   0   0 370 370 370   0 340 340 340   0   0 340   0 316 316 316 316 316   0 316   0 302 302 302 302 302 302 302   0   0 302   0 371   0   0 372   0   0 317   0 373   0   0   0   0 317   0   0   0 244 244 244   0 244 244   0   0   0 366 366   0 374   0 362 362   0 362 362 362 362 362   0 244 244   0 375   0 244 244   0 244   0 244 244 244 244   0 244   0 356 356 356   0 356 356   0   0 329   0 329 329   0 329   0 367 367 367 367   0   0 358 358 358 358   0
368   0 376   0   0 377 377   0 334   0   0 334 334 334 334   0 370 370   0   0 340   0   0 316   0   0 316   0 316   0   0   0   0 302 302 302 302 302 302   0 302   0   0 302   0   0 378   0   0   0 379   0   0   0 379 379   0 380   0   0   0   0 244 244 244   0 244   0   0 244   0   0   0 374 374 374   0 362 362 362 362   0 362 362 362   0 244   0 375   0   0 244   0 244   0 244   0 244   0 244 244   0   0 356 356 356   0 356   0   0 329 329 329 329 329   0 367 367 367   0   0 381 381   0 358 358   0   0
  0 382   0 377 377 377   0 377   0 377   0   0 334   0   0 316   0   0 383   0   0 316 316 316 316 316   0   0 316   0 302 302   0 302   0   0 302 302   0 302   0 302 302 302   0   0   0   0   0 379 379   0   0 384   0 379   0 380 380 380   0 380   0   0 244   0 244 244 244 244 244 244 244   0 374   0   0 362   0   0   0   0   0   0 362 362   0 375 375 375 375   0   0   0   0 244 244 244 244   0 244   0 385   0   0   0   0   0 329 329 329 329   0 329   0   0   0 367 367   0 386   0   0 387   0 358 358 358
382 382   0   0   0 377 377 377 377 377 377   0   0   0 316 316 316 316   0   0 316 316 316 316   0   0 316 316 316 316   0 302 302 302   0 388   0 302 302 302 302   0 302 302 302 302 302 302   0   0 379 379 379   0 379 379   0 380   0 380 380 380 380   0   0 244 244   0   0 244   0 244   0 389   0   0 390   0   0   0   0 362 362 362   0 362   0   0   0   0   0 244   0 244 244 244   0 244 244   0   0   0 385   0   0   0   0   0 329 329 329   0 329 329 329 329   0 367 367   0   0   0 244   0 358 358 358   0
382 382   0   0 377   0   0 377 377 377 377 377 377   0 316   0 316 316   0   0 316 316   0   0 391   0 316   0   0 316   0   0 302   0 392   0 393   0   0 302   0   0 302   0 302 302 302 302   0 379 379   0 379 379 379   0   0   0 394   0 380 380 380 380 380   0   0 244 244 244   0   0 395   0 396 396   0 397 397   0   0   0 362 362 362 362   0   0   0   0 244 244   0   0 244 244   0   0 244   0   0   0   0   0 398   0   0 329 329 329 329   0   0   0   0   0 399   0   0 400   0   0 244 244   0   0   0   0
382   0 401   0 377 377   0 377 377   0 377   0   0   0   0   0 316 316   0 316 316   0 316   0   0 316 316 316 316 316   0 302 302   0 392 392   0 402 402   0 302 302   0 302 302 302 302   0 403   0 379   0 379   0 379   0 404 404   0 405   0 380 380   0 380   0   0 244 244   0   0   0 395   0   0 396   0 397   0 406   0 362 362 362   0   0 244   0   0 244 244   0   0 244   0 244 244 244 244 244   0   0 244   0   0 329 329 329 329   0   0 407 407 407   0 399 399   0   0 400   0   0 244   0 244   0 244   0
382 382   0   0 377   0   0 377 377 377 377   0   0 408   0   0   0 316 316 316 316 316 316   0 316   0   0 316   0 316   0 302 302 302   0   0   0   0   0 302   0 302 302   0 302   0 302   0   0   0   0   0 379 379   0 404 404   0 409   0   0   0   0   0   0   0   0 244 244   0 395 395 395 395 395   0   0   0   0 406   0 362 362   0 244 244 244   0   0 244 244   0 244 244   0   0 244 244 244 244   0 244 244 244   0   0   0   0   0 410   0 407   0   0 411   0   0   0 412   0   0   0 244 244 244 244 244   0
  0 382   0 377 377 377 377 377 377 377   0 408 408 408   0   0 316 316   0 316 316   0 316 316 316 316 316   0   0 316 316   0   0 302 302   0 413   0   0 302   0 302   0 302 302 302 302 302 302 302 302   0 379 379 379   0   0 414   0   0   0 415   0 416   0   0   0   0 244   0   0 395 395 395 395 395   0 395 395   0 417   0   0 418   0 244 244 244 244   0 244 244   0 244 244 244 244 244   0   0 244   0 244   0   0 244   0   0 419   0   0   0   0 420   0 421 421   0 412   0 422   0   0   0 244 244 244   0
  0   0 377 377 377 377 377 377 377 377   0 408   0   0 423   0   0 316   0 316   0 316 316 316   0 316   0 316 316 316 316   0   0   0 302   0   0   0 302 302 302 302 302   0   0 302 302 302   0   0 302   0 379 379   0   0 424   0 425   0 415 415   0   0 426   0 427   0 244 244   0   0 395 395 395 395 395 395 395 395   0 428   0 418 418   0 244 244 244 244 244 244 244 244 244   0 244 244   0   0 244 244 244 244 244 244 244 244   0 429 429   0 420 420   0 421 421 421   0 422 422   0   0 430   0 244   0 431
432   0   0   0   0 377 377   0   0 377 377   0 433 433   0 316 316 316   0   0 316 316 316 316 316   0 316 316   0 316   0 316   0   0 302 302 302 302   0   0 302 302   0 302 302 302   0 302   0   0   0 434   0   0 435   0 424 424   0   0   0   0   0 436   0 437   0   0 244   0 438   0   0   0   0 395   0 395   0 395   0   0   0 418   0   0   0   0 244   0 244 244 244   0   0 244   0 244   0 244 244 244 244 244 244 244 244   0 439   0   0   0   0 420 420   0 421   0 422 422 422 422   0   0 244 244   0 431
  0   0 440 440 440   0 377   0   0   0   0 440   0   0   0 316   0 316 316   0 316   0 316 316 316 316 316 316 316 316 316 316   0 441   0 302 302 302 302 302 302   0 302 302   0 302   0 302 302   0   0 434   0   0 435   0 424 424   0 424 424   0 442   0 424   0 424 424   0 438 438   0   0 443   0   0   0 395 395 395 395 395   0   0   0   0   0 395   0 244 244   0 244 244   0 244   0 244 244 244 244 244 244 244 244 244 244 244   0 244   0   0   0   0   0 444   0 244   0   0   0   0   0 244   0 244 244   0
  0 440 440 440 440 440   0   0   0 445   0 440 440 440   0 316   0 316   0 446   0   0 316   0 316   0   0   0   0 316   0   0   0 441   0   0 302 302 302   0 302   0 302   0 302 302   0   0 302 302 302   0   0   0   0   0 424 424 424 424 424 424   0 424 424   0 424 424   0   0   0 424 424   0   0 424   0   0 395 395 395 395   0 395 395 395 395 395   0   0 244 244 244 244 244 244   0 244 244   0 244 244   0 244   0   0 244 244 244 244 244   0   0   0 444 444   0 244 244   0 244 244 244 244   0 244 244   0
  0 440 440 440   0 440 440   0 440   0 440 440 440   0   0 316   0   0 316   0   0 447   0 316 316 316 316   0   0 316   0   0   0 441   0   0 302   0 302   0 302   0 302 302   0 302 302 302 302 302   0   0   0 448   0 424 424   0   0   0   0 424 424 424 424 424 424   0 424 424 424 424 424   0   0 424   0 395 395   0 395 395 395   0 395   0   0 395 395 395   0 244   0   0 244 244 244   0 244   0 244 244 244   0   0   0 244 244 244   0 244 244   0 244   0   0   0 244   0   0 244 244   0   0 244 244   0 449
  0 440 440 440 440   0 440 440 440 440 440 440   0   0 316 316 316 316 316 316   0   0 450   0 316   0   0 451 451   0 451 451 451   0   0   0   0 302 302 302   0   0 302   0 452   0 302 302 302 302 302   0   0 448 448   0 424   0 424 424 424 424   0 424   0 424 424 424   0 424 424 424 424 424   0 424   0   0   0 395 395   0 395 395 395   0 395 395 395 395 395   0 244 244   0   0 244 244 244 244   0   0 244   0   0   0   0 244 244 244 244 244 244 244 244   0 244 244   0 244 244 244 244 244 244 244   0   0
  0   0 440   0 440 440   0 440 440 440   0 440   0 316 316 316   0 316   0   0 316   0 450   0   0 453   0   0 451   0 451 451   0 454 454 454   0   0   0 302 302   0   0 424   0 302 302 302   0 302 302   0   0   0   0 424 424 424   0 424 424   0   0 424   0   0 424   0   0 424 424 424   0 424   0 424 424   0   0   0 395   0   0 395 395 395   0   0 395 395 395   0 244 244 244 244 244   0   0   0 455 455   0   0   0   0   0 244   0 244   0 244   0   0 244 244 244   0 456   0 244   0   0 244   0 244   0 457
458   0 440   0   0 440 440 440 440   0 459   0   0 316   0 316 316 316 316   0 316 316   0 451 451   0   0 451 451 451 451   0   0   0 454   0   0   0   0   0   0   0 424 424   0 302   0   0   0 302 302   0 424 424   0 424   0 424 424   0 424 424   0 424 424 424 424   0 460   0   0 424 424 424 424 424   0 395 395 395 395 395   0 395 395   0 461 461   0   0 395   0 244 244 244   0   0   0 455 455 455 455 455 455   0 462   0   0   0   0   0   0   0 244 244   0   0   0   0 244 244 244   0 244   0   0   0   0
458 458   0 463 463   0 440   0   0   0   0   0   0   0 316 316 316   0 316 316 316   0 464   0 451   0   0 451   0 451   0   0   0   0 454 454 454 454 454   0 424 424   0 424 424   0 424 424 424   0   0 424 424   0 424 424 424   0   0   0 424 424 424 424   0   0   0 465   0   0 424 424   0   0 424 424 424   0 395 395 395   0   0 395 395   0 461   0 466   0 395 395   0 244 244 244   0   0 455 455 455   0   0   0 462 462   0   0 467   0   0 468   0   0 244   0 244 244 244 244 244 244 244   0   0 469   0 470
458 458   0   0 463   0   0 316 316 316 316 316   0   0   0 316 316   0 316 316 316   0   0   0 451 451 451 451   0 451 451 451   0 471   0 454   0   0   0 424 424 424   0 424 424 424 424 424   0 472   0   0 424 424 424   0 424   0 473   0   0 424 424 424   0   0   0   0 474   0 424 424 424   0 424   0   0 424   0 395 395 395 395   0 395   0   0 244   0 395 395   0 244 244   0 244 244 244   0 455 455   0 475   0   0 462 462   0 467   0 476   0 244 244 244   0 244   0 244 244   0 244 244 244 244   0   0 470
  0 458   0   0   0 316 316   0   0 316 316 316 316   0 316 316 316 316 316   0   0 477 477 477   0   0 451 451 451 451   0   0 454   0 454 454   0 424   0 424 424   0   0 424 424   0 424   0 478   0   0 424   0 424 424   0 424   0 473   0   0   0   0 424 424 424 424   0 474   0 424 424 424   0 424   0 424 424   0 395   0   0   0   0 395   0   0 244   0   0   0 244   0 244   0 244 244   0 479   0   0 479   0   0 480   0 462 462   0 244   0 244   0 244 244 244 244 244 244   0 244 244 244 244   0   0 481   0
458 458   0   0 482   0 316 316 316 316 316 316   0 316   0   0 316 316   0 316 316   0   0   0 483   0 451   0   0   0 454 454 454 454 454 454   0 424 424   0 424 424 424 424 424 424   0   0 478   0   0 424 424 424   0 424 424 424   0 484 484 484   0 424   0   0   0 424   0   0 424 424   0   0   0 424 424 424 424   0 485   0   0 395 395 395   0 244   0 244 244 244 244   0 244 244 244   0 479 479 479 479 479 479   0 462 462 462   0 244 244 244 244 244   0 244   0 244   0   0 244   0   0 244   0 486   0   0
458 458   0 487   0 488   0 316 316 316 316 316 316 316 316 316 316 316 316 316 316 316   0   0 483 483   0 489 489 489   0 454 454   0   0   0   0 424 424 424 424 424   0   0   0 424 424 424   0   0 490   0 424   0   0   0 424   0 484 484   0   0 491   0 424 424 424 424 424 424 424   0   0 424   0   0   0 424 424   0   0 492   0   0   0   0 244 244 244 244   0 244 244 244 244   0 244 244   0   0   0   0   0 479   0 462   0   0   0   0 244   0 244 244   0   0 244 244 244 244 244   0   0 244   0   0   0 493
458   0   0 487   0 488   0 316 316   0   0   0 316 316   0   0 316 316 316 316   0   0   0 483 483   0 489 489   0   0   0   0 454   0   0 454 454   0 424   0   0   0   0 494   0   0   0 424   0 495   0   0   0 424   0 424 424 424   0   0   0 424   0 424 424 424   0 424 424 424 424   0 424 424   0 424 424   0 424 424 424   0   0 244 244 244 244 244 244 244 244 244 244 244 244   0 244   0   0 496 496 496 496   0 462 462   0   0   0   0   0   0   0   0 497   0   0   0 244 244 244   0 498   0   0   0   0   0
  0 487 487 487 487   0 499   0   0   0   0   0 316 316 316   0 316 316   0   0 489 489 489   0   0   0 489   0 500 500   0 454 454 454 454   0 454   0 424 424   0   0 424   0 424 424 424 424 424   0 424 424 424 424 424 424 424 424 424 424 424 424   0   0 424   0   0   0   0 424 424   0 424 424 424 424 424 424 424 424 424 424   0   0 244 244 244   0   0 244 244 244 244 244   0 501   0 502   0   0 496 496 496   0   0 462   0 462 462   0 462 462 462   0 497   0 503 503   0   0   0   0 498 498 498   0 498 498
504   0   0 487 487 487   0 505 505   0 506 506   0 316 316 316   0 316   0 489 489 489   0   0 507   0 489 489   0   0 454 454   0 454 454 454 454   0 424   0   0   0 424 424   0   0 424   0 424 424 424 424 424   0   0 424 424   0 424   0 424 424 424 424 424   0 424 424 424 424   0 424   0 424 424 424   0   0 424   0 424 424 424 424   0 244   0 244 244 244 244 244 244   0 501 501 501   0 501 501   0   0   0   0 462 462   0 462 462 462 462   0   0 508   0 503 503 503 503   0 509   0 498 498 498 498 498 498
  0 487 487 487 487 487 487   0 505   0   0 506   0 316   0 316 316   0 489 489 489 489 489   0   0 489 489 489 489 489   0   0 510   0 454 454   0 424 424 424   0   0   0 424 424 424   0 424   0 424 424 424   0 511   0 424   0 512   0 424 424   0 424 424   0 424 424 424   0 424 424 424 424 424   0   0 513   0 424   0 424 424   0   0 514   0 244 244 244 244   0   0   0   0   0 501 501 501 501 501   0 515   0 516   0 462 462 462   0 462   0 517   0 508 508   0 503 503   0   0   0   0 498 498   0   0   0   0
487 487   0 487   0   0   0 505 505 505   0   0 489   0   0   0   0   0 489 489 489   0 489 489 489 489   0   0 489 489 489 489   0   0 454   0 518   0 424 424   0 519   0 424 424 424 424 424 424 424   0 424 424   0   0 424   0   0   0 424   0 424   0   0 520   0 424   0   0   0 424   0   0 424 424   0   0   0 424   0   0 424   0   0   0 521   0 244 244 244 244 244 244   0   0 501 501   0   0   0 522   0   0   0   0   0 462 462 462   0   0 517   0 508   0 523   0 503   0 524 524   0 498 498 498 498   0   0
  0   0 525   0 526 526 526   0   0   0 489 489 489 489   0   0   0   0 489   0 489 489 489 489 489 489   0   0 489 489 489   0 489   0   0 518 518 518   0   0   0 519   0   0   0 424 424   0 424 424   0 424 424 424 424   0   0   0 424 424 424 424   0 424   0 527   0 528   0 424 424   0   0 424 424   0 424 424 424 424 424 424 424 424   0 521   0 244 244 244 244 244 244 244   0   0 501   0 244 244   0   0 529 529   0 462 462 462   0 530   0   0   0 508 508   0 508   0 531   0   0   0 498   0 498 498   0 498
  0   0   0   0   0   0 526 526   0 489 489 489 489 489   0   0 489 489 489 489 489 489 489 489 489 489 489 489 489 489 489   0 489   0 519   0   0   0 532 532   0 519   0   0 533   0 424 424   0 424   0   0 424   0   0 424   0 424   0 424   0   0   0 424   0   0 534   0 424   0   0   0 424   0 424   0 424 424   0 424 424 424 424   0   0   0 244 244   0 244   0 244 244 244 244 244   0 244 244   0   0 529 529   0   0 462 462   0 535   0 536 536 536   0 508 508 508 508   0   0 508   0   0   0 498 498   0 498
537 537 537   0 538   0 526   0   0 489 489 489 489 489 489 489 489   0 489 489 489 489   0   0 489   0 489   0 489   0 489 489 489   0 519 519 519   0 532   0   0 519   0 424   0 424 424 424   0   0   0 424 424   0 424 424 424 424 424   0   0   0   0 424 424 424   0   0 424   0   0 424 424 424 424 424 424   0 539   0 424   0 424   0 244 244 244   0 540   0 541   0   0   0   0 244   0 244   0   0 542   0 529   0 543   0   0   0 535 535   0   0 536 536   0   0 508 508   0   0 508   0 498 498 498 498 498 498
537 537   0 537   0   0   0 489   0   0 489 489 489 489 489 489 489   0   0   0   0   0 489   0 489   0 489 489   0   0 489 489   0 519 519 519 519 519   0 519 519 519   0 424   0   0   0 424 424 424 424   0   0   0 424 424 424   0 424   0 424 424 424 424   0 424 424 424 424 424 424 424   0 424   0 424   0 424   0 424 424 424   0   0   0   0   0 540 540 540   0   0   0 244 244 244   0 244 244   0   0 544   0   0 543   0   0 535 535   0 545   0 536   0   0 508   0 508   0 508 508 508   0 498 498 498 498 498
  0 537 537 537   0 546   0 489 489 489 489   0   0   0   0   0 489 489   0   0   0 489 489   0 489 489 489 489 489 489   0   0   0   0   0 519 519 519 519 519   0 519   0 424 424 424 424 424 424   0 424   0 424   0 424 424   0 424 424 424 424   0   0 424   0 424 424   0   0 424 424   0 424 424   0 424 424 424   0 424   0 424   0 547   0 548   0 540   0 540   0   0   0   0   0 244 244 244 244 244   0   0   0   0   0   0   0   0   0 545 545   0 536   0   0 508 508 508   0 508 508   0 498 498 498   0   0   0
  0 537   0 537 537   0 489 489   0   0   0 549   0 549 549   0 489 489 489 489 489 489   0   0 489 489   0 489   0 489   0   0   0   0 550   0   0 519   0 519 519 519 519   0 424   0   0   0 424   0   0   0 424 424 424   0   0 424   0 424   0   0   0   0 424 424 424 424   0   0 424 424 424   0 424   0   0 424 424 424 424 424 424   0   0 548 548   0 540 540 540 540 540   0 551   0 244 244 244 244   0 552   0   0 553   0 554 554   0   0   0 536 536 536   0   0   0 508 508 508 508   0   0   0   0   0 508 508
537 537   0 537   0   0 489   0 549 549 549 549 549 549 549 549   0 489   0   0 489 489   0 489   0 489   0 489   0 489 489   0 550 550 550 550   0   0 519 519 519   0 519   0   0   0 555   0   0   0 556   0   0   0 424   0 424 424 424 424   0   0 424   0   0 424 424 424   0   0   0 424   0   0 424 424 424 424   0 424   0   0 424   0   0 548   0 557   0 540   0   0 540   0   0   0   0   0 244 244   0 552   0 554   0 554 554   0 536 536 536 536   0 536 536   0   0 508 508 508 508   0   0   0 508 508 508   0
537   0   0   0 537 537   0   0   0   0 549   0 549 549 549   0   0 489 489 489 489 489   0 489   0 489   0   0   0 489 489   0   0 550 550   0   0   0 519 519 519 519 519 519 519   0   0   0 558 558   0   0   0 559   0 560   0 424   0 424   0   0 424 424   0 424 424   0   0   0   0 424 424 424   0 424 424   0 424 424   0 561   0 548 548 548 548   0 540 540 540 540   0 562   0   0   0   0 244   0 244   0 554 554 554 554   0 563   0 536   0 536 536   0 536   0   0   0 508 508 508 508   0   0   0 508 508   0
537 537 537 537 537 537 537   0   0 537   0 549 549   0   0 489 489 489 489 489   0 489 489 489   0 489   0   0   0   0 489 489   0 550 550   0 519 519 519 519 519   0   0   0 519   0 550   0 558   0   0 564   0   0 560 560   0   0   0 424 424 424 424 424 424 424 424 424   0 565   0 424 424 424 424   0 424 424   0   0 561 561   0 548 548 548 548 548   0 540   0 540   0 562 562   0 244 244 244   0 244   0 554   0   0   0 244   0 566   0   0   0   0 536 536   0   0 508 508 508 508 508 508 508 508 508 508   0
537 537 537 537 537 537   0   0 537 537 537   0   0   0 489 489   0   0 489   0 489 489   0 489   0   0   0 489 489 489 489   0   0   0 550   0 519   0   0 519   0   0 567   0   0 550 550 550   0   0 564 564   0   0 560 560   0   0 424 424   0   0   0   0   0 424 424 424   0   0 424 424   0   0 424 424 424   0   0   0 561   0   0   0 548 548 548   0 540 540   0   0   0 562   0 568   0   0 244 244 244 244   0 244 244   0 244 244   0 569   0 569   0 536 536   0   0 508   0   0 508 508   0   0   0 508 508   0
537 537 537   0 537   0   0 537 537 537   0 570   0 489 489 489 489 489   0   0   0   0 571   0   0   0   0 489 489 489   0   0 550   0 550 550   0   0 550   0 550 550   0   0 550 550   0 550   0 572   0   0   0   0 560 560 560   0   0 424   0   0   0 573   0   0   0 424   0 424 424   0 424 424 424   0   0   0 574   0 561 561 561   0 548 548 548 548   0   0   0   0 562 562   0   0 575   0   0   0   0 244 244   0 244 244   0 244   0 569 569 569 569   0 536   0   0 508 508   0 508 508   0   0   0 508 508 508
537 537 537 537 537 537 537 537   0   0   0   0 489 489 489 489 489 489   0   0 576   0   0   0   0   0 489 489   0 489   0 550 550 550 550 550 550 550 550 550 550 550 550 550 550   0 577   0 577   0 578   0   0 560 560 560 560 560   0 424 424   0 424   0 424 424 424   0   0   0   0 424 424   0 424 424   0 579   0 580   0 561   0 581   0 548 548 548   0 548 548 548   0   0 575 575 575 575   0 244   0 244   0   0 244 244   0 244 244   0   0   0 569 569   0 582   0   0 508 508 508 508 508 508 508   0 508 508
537 537   0 537 537   0 537   0 583 583   0 489 489 489 489 489 489   0 576 576 576 576   0 584   0 489 489 489   0 489 489   0   0 550   0   0 550   0 550   0 550   0   0   0   0   0 577   0 577 577   0   0   0 560   0   0 560 560   0 424 424 424 424 424 424 424   0 585 585   0 586   0 424   0 424   0 424   0   0 580   0   0 581 581   0 548   0 548 548 548   0 548   0   0   0   0   0 575   0 244 244 244   0   0   0 244 244 244   0   0   0 569 569 569   0   0 587   0   0   0 508 508   0 508 508   0   0 508
  0 537 537 537 537   0   0 588   0   0   0   0 489   0 489   0 489   0   0   0 576   0 584 584   0 489 489 489 489   0 489 489   0   0   0 589   0   0   0 590   0   0 591 591   0 577 577 577 577 577   0   0   0   0   0 592   0   0 593   0 424 424   0   0 424 424 424   0 585 585   0 594   0   0 424 424 424 424   0 580 580   0 581 581 581   0   0   0 548   0 595   0 595   0 596 596 596   0 244 244 244   0   0 244 244 244   0   0   0 597 597   0 569   0 569 569   0 569 569 569   0   0   0   0 508 508   0   0
  0 537   0 537 537   0   0 588   0   0   0   0   0 489 489 489 489 489   0 589   0 584 584   0   0 489 489 489   0   0 489   0   0 589 589 589 589 589   0   0 591 591 591   0 598   0 577 577   0   0   0 599 599   0 600   0   0   0   0   0   0   0   0 424 424   0   0 424   0 585 585   0   0   0   0 424   0 424 424   0 580 580   0 581   0 601 601 601   0 595 595 595 595   0   0   0 596   0 244   0 244 244 244 244   0 244   0   0   0 597   0   0 569 569 569   0 569 569 569   0   0   0 602 602   0   0 602   0
537 537 537 537   0 603   0 588   0 604   0 489 489 489   0   0   0   0 589 589 589   0   0   0   0   0 489 489   0 605   0   0 589   0   0 589   0 589   0   0   0   0   0 589   0 589   0 577   0 606 606   0 599   0   0 607 607   0   0   0 424   0 424 424   0 608   0 424 424   0   0 424 424   0   0 424 424   0 424 424   0   0   0   0   0 601   0 601   0   0 595 595 595 595 595   0 596   0 244 244   0   0 244 244 244 244   0 609   0   0 569 569 569 569 569 569   0 569 569   0   0   0   0 602 602 602 602 602
537 537 537   0   0   0   0   0   0 604 604   0 489 489 489 489   0 589 589   0 589 589   0 489 489 489 489   0 610   0   0 589 589 589 589 589   0 589 589 589 589 589   0 589 589 589   0   0 606 606 606   0   0   0 607 607 607   0   0 424 424   0   0 424   0 608   0 424 424 424 424 424 424 424 424 424 424   0   0   0   0 611   0 612   0   0 613   0   0 595 595 595   0   0   0 244   0 244 244 244   0 614   0   0 244 244 244   0 569 569 569 569 569 569   0 569   0 569 569 569 569   0   0   0   0   0   0   0
537   0 537   0 615 615 615   0 604 604 604   0 489   0 489   0 616   0 589   0   0 589   0   0   0 489 489   0 610 610 610   0 589   0   0   0   0 589 589 589   0   0 617   0 589   0   0   0 606   0 606   0   0 607   0   0 607   0 424 424 424 424 424 424 424   0 424   0   0   0 424 424   0 424 424 424   0 595 595 595   0   0   0   0 595   0   0 595   0 595   0   0   0 618   0 244 244 244   0 244   0   0 619 619   0 244   0 620   0 569 569   0   0 569   0 569 569 569   0   0   0 621   0   0   0 622   0 623
537 537 537 537   0   0 615   0   0   0   0   0 489 489 489   0   0   0 589   0   0 589   0   0   0 489   0   0   0   0 610   0 589 589 589 589   0   0   0 589 589 589   0 589 589   0   0 589   0   0   0 624   0 607 607 607 607   0   0 424 424 424 424 424 424 424 424 424   0 424 424 424 424 424   0 424   0 595   0 595   0 595 595   0 595 595 595 595   0 595 595 595   0   0 244 244 244 244 244 244   0   0   0   0 620   0 620 620   0 569 569 569   0   0 569 569 569   0   0 569   0 621 621   0   0 622   0   0
537   0   0 537   0 537   0 537 537   0 489 489 489 489 489   0 625   0   0 589 589 589 589 589   0   0 589 589 589 589   0   0 589   0   0 589   0 589   0 589 589 589   0 589 589   0 589 589   0   0 624 624 624   0   0   0 607 607   0   0   0 424 424   0   0 424 424   0   0   0   0 424   0 424   0   0 595 595 595 595 595 595 595 595 595 595 595 595 595   0 595 595   0 244 244 244   0 244 244   0 626   0 626   0 620 620 620   0 569 569 569   0 569 569   0 569 569 569   0 569 569   0 621 621   0   0 627   0
  0 537 537 537 537 537 537 537   0   0   0   0 489 489 489   0   0 628 628   0   0 589   0 589   0   0   0 589   0 589   0   0 589   0   0   0 589 589 589 589   0 589   0 589   0   0 589 589   0   0 624   0 624   0 629 629   0   0 630   0   0   0 424 424 424 424   0 424   0 424 424 424 424   0   0   0   0 595 595   0   0 595 595 595 595 595 595 595 595 595 595 595   0   0   0   0 244 244   0 626 626 626 626   0   0   0 620   0 569 569 569 569 569   0   0 569 569 569 569   0 569   0   0 621   0 631   0 632
  0 537   0 537 537 537 537 537 537 537   0   0   0   0   0 633 633   0   0   0   0   0   0 589   0 634   0 589 589   0 589 589 589   0 635   0   0 589 589   0 589 589 589 589 589 589 589   0 624 624 624 624   0 624   0   0 636 636   0   0 637 637   0 424 424   0 424 424   0 424   0 424 424   0   0   0   0   0   0   0 595 595   0   0 595   0 595   0 595 595   0 595 595   0   0 595   0   0   0 626 626 626   0 638   0   0   0 569 569 569 569 569   0   0   0   0   0 569 569 569 569   0   0   0   0   0   0 632
639   0   0 537   0 537 537 537   0 537 537 537   0 640 640   0 633 633   0   0 641   0   0 589 589   0   0 589 589 589 589 589 589 589   0   0 589   0 589 589   0 589 589 589 589 589 589 589   0   0   0 624   0 624 624   0 636 636 636 636   0   0 424 424 424 424 424 424 424 424 424 424   0 642   0   0   0 643 643   0 595 595   0 595 595 595   0 595 595 595 595 595 595 595 595 595 595 595   0   0 626   0   0 638 638 638 638   0 569   0 569   0 569 569   0   0   0 569   0   0   0 644   0   0   0 644   0 632
  0 645   0 537   0 537 537   0 537 537 537   0 646   0 640   0   0   0 647   0   0   0   0   0 589 589 589 589 589 589 589 589 589   0 589 589 589 589 589 589 589   0 589 589   0 589 589   0   0   0   0 624   0 624 624 624   0 636 636   0   0 648   0 424   0   0   0 424 424   0   0 424   0   0 649 649   0 643 643   0   0 595 595   0 595   0 595 595   0 595 595   0   0   0   0 595   0   0 650   0   0 638 638 638   0 638 638   0   0   0 569   0   0 569   0 569   0 569 569 569   0 644 644 644   0 644 644   0
537   0 651   0 537 537 537 537 537 537 537 537   0   0 640   0 537   0 647 647 647 647   0 652   0   0 589   0 589   0   0   0   0   0 589   0   0 589   0 589 589 589   0   0 589   0   0 589   0 624 624 624 624 624   0   0 653   0 636 636   0 648 648   0   0 424 424   0 424 424   0 424 424   0   0   0 643 643   0   0 595 595 595   0   0 595 595 595   0   0 595 595 595   0   0   0   0   0   0   0   0   0   0   0 654   0   0 569 569 569 569 569 569 569 569 569 569 569 569 569   0   0 644 644 644 644 644   0
537   0   0   0   0   0   0 537   0   0   0 537 537 537   0 537 537 537   0   0 647   0 652 652   0 652   0 655   0 656 656   0 589 589 589   0   0   0   0 589   0 589 589 589 589 589 589 589 589   0   0   0   0   0 657 657   0 658   0 636   0   0 648   0   0   0 424 424 424 424 424 424 424   0   0 643 643 643   0   0 595 595 595   0 595 595 595   0   0   0 595 595 595 595 595 595 595 595 595   0 659   0   0   0 654 654   0 569 569   0   0 569 569   0 569 569 569 569 569 569 569 569   0   0 644   0   0   0
537 537 537 537   0   0   0 537   0 660   0 537 537   0 537 537 537 537   0 537   0 652 652 652 652 652 652   0   0   0   0 589 589 589 589   0 589   0 661   0   0 589 589 589   0 589 589   0 589   0 662   0   0 657 657 657   0 658   0 636 636   0   0   0 424 424 424 424 424   0 424   0 424   0   0 643 643 643 643   0 595 595   0 663   0   0   0 664   0 595 595   0 595 595 595   0 595   0   0   0   0   0 654 654 654   0   0 569 569 569   0 569 569 569   0 569   0   0   0 569 569 569 569   0   0 665 665   0
  0   0 537 537 537 537 537 537 537   0 537 537   0 537 537   0 537 537 537 537   0 652 652 652 652   0   0   0 652   0   0   0   0   0 589 589 589   0 661 661 661   0   0 589 589   0 589   0 589 589   0 657 657 657   0   0   0 658 658   0   0   0   0 424 424 424   0 424 424   0 424 424 424   0 424   0 643 643 643   0   0   0 663 663 663   0   0   0   0   0   0 595 595 595   0   0   0   0 666   0   0 654 654 654   0   0 569   0 569   0   0 569 569   0   0   0   0 569 569 569   0   0   0 665 665 665 665 665
  0   0   0 537 537   0 537 537 537 537 537 537 537 537 537   0   0   0 537   0 652   0 652   0 652 652 652 652 652   0 667   0 589 589 589 589 589   0 661 661   0 668   0   0   0 589 589 589 589   0   0 657 657 657 657 657   0   0   0 669 669 669   0   0   0 424 424 424   0   0 424 424 424 424 424   0   0 643 643   0   0   0 663   0 663   0 670   0 671 671 671   0   0   0   0 672   0 666 666 666   0   0   0   0 673   0 569 569 569 569 569 569   0 569 569   0 674   0   0   0   0 675   0 665 665   0   0   0
  0   0 537   0 537 537   0   0   0   0 537 537 537   0   0   0   0 652   0   0 652   0 652   0   0   0 652 652   0 676   0 677   0   0 589 589   0   0   0 661 661   0 678   0 589 589   0 589   0   0   0   0 657 657   0   0   0 669 669 669   0 669 669   0 679   0 424 424   0   0 424   0   0 424   0   0   0   0   0 680 680   0 663 663 663 663   0 671 671   0 671   0 671 671   0   0 666   0 666   0 681   0 673 673 673   0 569 569   0   0 569 569   0 569 569 569   0 569 569   0 682   0   0 665   0 683 683 683
684   0 537 537 537 537   0 685   0   0   0   0   0 686   0   0 652 652 652 652 652 652 652 652 652   0 652 652   0 676   0   0   0 687   0   0 688   0   0 661 661   0 678   0   0 589   0 589 589 589 589 589   0   0 589   0 669 669 669 669 669 669 669 669   0 689   0 424   0 690   0 689 689   0   0 680 680 680 680 680   0   0 663   0 663   0 691   0   0   0 671   0 671   0   0   0 666 666 666   0   0   0   0   0 673   0   0   0 569 569 569 569 569 569   0 569   0 569 569   0   0 692   0   0 683 683 683 683
  0   0 537 537   0   0   0 685 685 685 685   0 686 686   0 652 652 652   0   0   0 652 652 652 652   0   0   0 693   0   0 687 687 687 687 687   0 661 661 661   0   0   0   0 589 589 589   0   0   0   0 589 589 589 589   0   0   0 669   0 669 669 669   0   0 689   0   0 694   0 689 689   0 695   0 680 680 680 680 680 680 680   0 696   0   0   0 671   0 671 671 671 671 671   0   0 666   0 666 666   0 673   0 673 673 673 673 673   0 569   0 569 569 569 569   0   0 569   0   0 692 692   0   0   0 683 683 683
697   0   0   0 698   0   0   0 685   0 685 685   0 686 686   0   0 652   0 652 652 652 652 652   0 699 699   0   0   0 687 687 687 687 687   0   0 661   0 661   0   0   0   0   0 589 589 589   0   0   0 589 589   0 589   0 669 669   0   0 669 669   0   0 689 689   0 700   0 689 689 689 689   0   0   0 680 680 680   0   0 680 680   0   0   0   0 671 671   0   0   0 671 671 671   0 666 666 666   0 673 673   0 673   0 673   0 673   0 569   0   0 569 569 569 569 569 569   0 692 692 692 692 692 692   0   0   0
697   0   0   0 698 698   0 685 685   0 685 685   0   0   0 652 652 652   0 652 652 652   0   0   0 699 699 699 699 699   0 687   0 687   0 661   0 661   0 661   0   0   0   0 589 589 589   0 701   0 701   0   0 702   0 669 669 669 669 669 669 669   0   0 689 689 689   0   0 689 689   0 689   0 703   0 680   0   0 680 680 680 680   0   0 671 671 671 671 671 671 671 671 671 671 671   0 666   0 673 673 673 673 673   0   0   0   0 569 569 569   0   0 569   0 569 569   0   0   0 692 692   0 692 692   0 704 704
697   0   0   0 698 698   0   0   0   0   0   0   0   0 652 652 652 652   0   0 652   0   0 705 705   0   0   0 699 699   0   0 706   0 661 661 661 661   0 661   0   0 707 707   0 589   0   0 701 701 701   0 708   0   0   0   0   0 669 669 669   0 709   0   0 689 689 689 689 689 689   0 689   0   0   0   0   0 710   0   0   0   0 671 671 671 671   0 671 671 671 671 671 671 671   0   0 666   0 673 673 673   0   0   0 711 711 711   0   0 569   0   0   0 569 569 569   0   0 712   0 692   0 692   0   0   0   0
 
id 	size 
2	1	0
3	139	0
4	2	0
5	14	0
6	41	0
7	1	0
8	6	0
9	1	0
10	1	0
11	2	0
12	11	0
13	3	0
14	1	0
15	1	0
16	8	0
17	8	0
18	1	0
19	9	0
20	70	0
21	33	0
22	6	0
23	1	0
24	2	0
25	764	0
26	4	0
27	5	0
28	10	0
29	1	0
30	1	0
31	26	0
32	1	0
33	1	0
34	12	0
35	1	0
36	1	0
37	1	0
38	1	0
39	4	0
40	1	0
41	60	0
42	3	0
43	1	0
44	1	0
45	2	0
46	1	0
47	1	0
48	1	0
49	1	0
50	1	0
51	55	0
52	1	0
53	3	0
54	1	0
55	5	0
56	1	0
57	11	0
58	1	0
59	1	0
60	2	0
61	1	0
62	1	0
63	2	0
64	2	0
65	522	0
66	1	0
67	1	0
68	2	0
69	1	0
70	2	0
71	1	0
72	1	0
73	1	0
74	34	0
75	3	0
76	4	0
77	1	0
78	1	0
79	1	0
80	3	0
81	480	0
82	1	0
83	28	0
84	2	0
85	1	0
86	1	0
87	1	0
88	2	0
89	3	0
90	1	0
91	1	0
92	12	0
93	4	0
94	1	0
95	2	0
96	1	0
97	1	0
98	14	0
99	1	0
100	9	0
101	1	0
102	1	0
103	1	0
104	1	0
105	4	0
106	1	0
107	2	0
108	1	0
109	2	0
110	2	0
111	6	0
112	1	0
113	56	0
114	1	0
115	2	0
116	1	0
117	19	0
118	1	0
119	49	0
120	1	0
121	1	0
122	4	0
123	3	0
124	1	0
125	9	0
126	2	0
127	4	0
128	1	0
129	1	0
130	1	0
131	1	0
132	1	0
133	1	0
134	1	0
135	6	0
136	2	0
137	5	0
138	2	0
139	1	0
140	1	0
141	2	0
142	1	0
143	1	0
144	1	0
145	1	0
146	1	0
147	1	0
148	12	0
149	1	0
150	1	0
151	6	0
152	1	0
153	43	0
154	2	0
155	1	0
156	2	0
157	7	0
158	2	0
159	1	0
160	1	0
161	6	0
162	92	0
163	1	0
164	1	0
165	37	0
166	1	0
167	1	0
168	13	0
169	2	0
170	1	0
171	2	0
172	91	0
173	1	0
174	1	0
175	1	0
176	1	0
177	1	0
178	1	0
179	12	0
180	1	0
181	1	0
182	1	0
183	16	0
184	8	0
185	14	0
186	1	0
187	8	0
188	1	0
189	1	0
190	1	0
191	3	0
192	1	0
193	207	0
194	1	0
195	11	0
196	1	0
197	1	0
198	8	0
199	3	0
200	3	0
201	1	0
202	5	0
203	1	0
204	14	0
205	1	0
206	1	0
207	9	0
208	1	0
209	1	0
210	1	0
211	1	0
212	1	0
213	1	0
214	6	0
215	1	0
216	22	0
217	2	0
218	11	0
219	1	0
220	4	0
221	22	0
222	4	0
223	21	0
224	1	0
225	1	0
226	2	0
227	23	0
228	7	0
229	1	0
230	1	0
231	1	0
232	1	0
233	80	0
234	1	0
235	3	0
236	1	0
237	1	0
238	1	0
239	1	0
240	1	0
241	1	0
242	1	0
243	1	0
244	991	0
245	1	0
246	1	0
247	1	0
248	4	0
249	1	0
250	1	0
251	1	0
252	1	0
253	1	0
254	7	0
255	1	0
256	1	0
257	1	0
258	1	0
259	1	0
260	7	0
261	10	0
262	1	0
263	1	0
264	1	0
265	1	0
266	2	0
267	1	0
268	1	0
269	1	0
270	1	0
271	1	0
272	2	0
273	12	0
274	1	0
275	1	0
276	6	0
277	1	0
278	43	0
279	1	0
280	1	0
281	1	0
282	2	0
283	20	0
284	2	0
285	1	0
286	1	0
287	16	0
288	2	0
289	2	0
290	11	0
291	1	0
292	4	0
293	3	0
294	1	0
295	1	0
296	5	0
297	2	0
298	1	0
299	1	0
300	6	0
301	64	0
302	207	0
303	1	0
304	8	0
305	2	0
306	1	0
307	4	0
308	3	0
309	1	0
310	1	0
311	2	0
312	1	0
313	1	0
314	6	0
315	1	0
316	234	0
317	81	0
318	1	0
319	2	0
320	1	0
321	3	0
322	1	0
323	1	0
324	7	0
325	1	0
326	25	0
327	1	0
328	2	0
329	60	0
330	1	0
331	14	0
332	1	0
333	2	0
334	49	0
335	6	0
336	2	0
337	1	0
338	1	0
339	2	0
340	28	0
341	1	0
342	1	0
343	3	0
344	1	0
345	1	0
346	1	0
347	1	0
348	1	0
349	1	0
350	8	0
351	1	0
352	14	0
353	1	0
354	1	0
355	1	0
356	21	0
357	2	0
358	23	0
359	1	0
360	1	0
361	1	0
362	48	0
363	2	0
364	1	0
365	1	0
366	7	0
367	14	0
368	2	0
369	1	0
370	5	0
371	1	0
372	1	0
373	1	0
374	5	0
375	6	0
376	1	0
377	50	0
378	1	0
379	26	0
380	18	0
381	2	0
382	9	0
383	1	0
384	1	0
385	2	0
386	1	0
387	1	0
388	1	0
389	1	0
390	1	0
391	1	0
392	3	0
393	1	0
394	1	0
395	93	0
396	3	0
397	3	0
398	1	0
399	3	0
400	2	0
401	1	0
402	2	0
403	1	0
404	4	0
405	1	0
406	2	0
407	4	0
408	5	0
409	1	0
410	1	0
411	1	0
412	2	0
413	1	0
414	1	0
415	3	0
416	1	0
417	1	0
418	4	0
419	1	0
420	5	0
421	6	0
422	7	0
423	1	0
424	681	0
425	1	0
426	1	0
427	1	0
428	1	0
429	2	0
430	1	0
431	2	0
432	1	0
433	2	0
434	2	0
435	2	0
436	1	0
437	1	0
438	3	0
439	1	0
440	44	0
441	3	0
442	1	0
443	1	0
444	3	0
445	1	0
446	1	0
447	1	0
448	3	0
449	1	0
450	2	0
451	29	0
452	1	0
453	1	0
454	38	0
455	13	0
456	1	0
457	1	0
458	11	0
459	1	0
460	1	0
461	3	0
462	37	0
463	3	0
464	1	0
465	1	0
466	1	0
467	2	0
468	1	0
469	1	0
470	2	0
471	1	0
472	1	0
473	2	0
474	2	0
475	1	0
476	1	0
477	3	0
478	2	0
479	9	0
480	1	0
481	1	0
482	1	0
483	5	0
484	5	0
485	1	0
486	1	0
487	18	0
488	2	0
489	244	0
490	1	0
491	1	0
492	1	0
493	1	0
494	1	0
495	1	0
496	7	0
497	2	0
498	39	0
499	1	0
500	2	0
501	14	0
502	1	0
503	9	0
504	1	0
505	6	0
506	3	0
507	1	0
508	82	0
509	1	0
510	1	0
511	1	0
512	1	0
513	1	0
514	1	0
515	1	0
516	1	0
517	2	0
518	4	0
519	46	0
520	1	0
521	2	0
522	1	0
523	1	0
524	2	0
525	1	0
526	6	0
527	1	0
528	1	0
529	5	0
530	1	0
531	1	0
532	3	0
533	1	0
534	1	0
535	5	0
536	25	0
537	177	0
538	1	0
539	1	0
540	21	0
541	1	0
542	1	0
543	2	0
544	1	0
545	3	0
546	1	0
547	1	0
548	32	0
549	17	0
550	41	0
551	1	0
552	2	0
553	1	0
554	10	0
555	1	0
556	1	0
557	1	0
558	3	0
559	1	0
560	16	0
561	8	0
562	6	0
563	1	0
564	3	0
565	1	0
566	1	0
567	1	0
568	1	0
569	187	0
570	1	0
571	1	0
572	1	0
573	1	0
574	1	0
575	6	0
576	6	0
577	13	0
578	1	0
579	1	0
580	6	0
581	7	0
582	1	0
583	2	0
584	5	0
585	6	0
586	1	0
587	1	0
588	3	0
589	215	0
590	1	0
591	5	0
592	1	0
593	1	0
594	1	0
595	127	0
596	5	0
597	3	0
598	1	0
599	3	0
600	1	0
601	5	0
602	8	0
603	1	0
604	6	0
605	1	0
606	7	0
607	13	0
608	2	0
609	1	0
610	5	0
611	1	0
612	1	0
613	1	0
614	1	0
615	4	0
616	1	0
617	1	0
618	1	0
619	2	0
620	8	0
621	6	0
622	2	0
623	1	0
624	23	0
625	1	0
626	10	0
627	1	0
628	2	0
629	2	0
630	1	0
631	1	0
632	3	0
633	4	0
634	1	0
635	1	0
636	13	0
637	2	0
638	10	0
639	1	0
640	4	0
641	1	0
642	1	0
643	18	0
644	13	0
645	1	0
646	1	0
647	6	0
648	4	0
649	2	0
650	1	0
651	1	0
652	62	0
653	1	0
654	9	0
655	1	0
656	2	0
657	15	0
658	4	0
659	1	0
660	1	0
661	23	0
662	1	0
663	12	0
664	1	0
665	10	0
666	17	0
667	1	0
668	1	0
669	34	0
670	1	0
671	43	0
672	1	0
673	24	0
674	1	0
675	1	0
676	2	0
677	1	0
678	2	0
679	1	0
680	24	0
681	1	0
682	1	0
683	10	0
684	1	0
685	12	0
686	5	0
687	13	0
688	1	0
689	25	0
690	1	0
691	1	0
692	15	0
693	1	0
694	1	0
695	1	0
696	1	0
697	3	0
698	5	0
699	9	0
700	1	0
701	5	0
702	1	0
703	1	0
704	2	0
705	2	0
706	1	0
707	2	0
708	1	0
709	1	0
710	1	0
711	3	0
712	1	0
