  2   0   0   3   3   3   3   3   3   3   0   0   0   4   4   0   0   0   0   0   5   5   5   5   0   0   6   6   6   0   7   0   6   6   0   8   8   8   8   0   9   0   0  10   0  11  11   0  12  12  12   0  13   0  14   0  15   0  16  16  16   0  17  17  17   0   0  18   0   0   0   0   0   0  19  19   0  20  20   0  20  20  20   0   0  20  20  20   0   0  21  21   0  21  21  21   0  22   0  23   0   0   0   0  24  24   0  25   0  26  26  26  26   0  27  27  27   0   0   0  28   0  28  28  28   0  29   0
  0  30   0   0   0   0   0   0   0   3   3   0   0   0   4   0   0   0  31   0   0   5   0   0   6   6   6   6   6   0   0   6   6   6   6   0   8   8   0   0   0  32   0   0   0   0   0   0  12  12  12   0  13  13   0   0   0   0  16  16   0  17  17  17  17   0  33   0   0  34  34  34  34   0  19  19   0   0  20  20  20   0  20  20  20  20   0  20   0   0  21   0   0  21  21   0  22  22   0   0   0   0   0  35   0   0   0  25  25   0   0   0   0   0  27   0   0  25  25   0  28  28  28  28   0  36   0  37
 38   0   0  39   0   3   3   3   0   3   0   3   3   0   4   0  31   0  31   0   0   5   5   0   6   6   6   0   6   0   6   6   6   6   6   0   0   0  40  40  40   0   0   0  40   0   0  12  12  12  12  12   0   0  41  41  41   0  16  16   0   0  17   0   0  42   0  43   0  34  34  34  34   0  19   0   0   0   0   0  20  20  20   0  20  20  20  20  20   0  21  21  21  21   0  22  22  22   0   0  44   0  45   0  46   0  25  25   0  25   0  25  25   0  27   0  25  25   0   0   0  28   0  28   0   0  47   0
  0  48   0  39  39   0   0   3   3   3   3   3   0   0   0   0  31  31  31  31   0   5   5   0   0   0   0   6   6   0   6   6   6   6   6   0   0  40  40   0  40   0   0  40  40  40   0   0   0   0   0   0   0  49   0   0   0   0  16   0  50   0   0  50  50   0   0   0   0   0  34  34   0   0  19   0   0  20  20  20  20  20  20   0  20  20   0   0   0   0  21   0  21   0  21   0   0   0   0   0  44   0   0   0   0  25  25  25  25  25   0   0  25  25   0  25  25   0   0  25  25   0  51   0  52  52   0   0
  0   0  53   0  39   0   3   3   0   0   0   0  31  31  31  31  31   0   0  31   0   5   5   5   5   0  54   0   6   0   6   0   6   6   0  55   0  40   0   0  40  40   0  40  40   0   0   0  49  49   0   0  49  49  49   0   0  50   0   0  50  50   0  50   0   0   0   0   0  34  34  34   0  19  19   0  20  20  20   0  20   0  20   0   0  20   0  56  56   0   0  21  21   0  21  21  21  21   0  57   0  25  25  25  25   0  25   0   0  25  25  25  25  25   0   0  25  25  25   0  25   0   0  58   0  52   0  25
 59   0   0   3   0   3   3   3   0   0   0  31  31  31  31  31   0  60  60   0   5   5   0   0   0  54  54   0   6   6   6   6   6   6   0   0  40  40  40  40  40  40  40  40  40   0  40   0   0  49  49  49   0  49   0  50  50  50  50  50  50  50  50  50   0   0  61  61   0   0   0   0   0   0  19   0  20   0  20   0   0  62   0  20  20   0  63   0   0   0   0   0  21   0   0  21  21   0  25   0   0   0  25   0  25  25  25  25  25  25  25  25  25  25  25  25   0   0  25  25  25  25   0   0  64   0  25  25
 59   0   0   3   0   3   0   3   3   3   0  31   0  31   0   0   0   0   0   0   0   0  65  65   0   0  54  54   0   0   0   6   0   0  66   0  40  40  40  40  40   0  40  40  40  40  40  40  40   0  49  49  49  49   0   0   0  50  50   0  50   0  50   0  61  61  61   0  67  67   0   0   0   0   0   0   0  20  20  20  20   0  20  20  20  20   0   0  25  25  25   0  21  21  21  21  21   0  25  25  25  25  25  25  25  25   0  25   0   0  25   0  25  25   0  25   0  25  25  25  25   0  25  25   0  25  25  25
  0   3   3   3   3   3   3   3   0   0   3   0  31  31   0   0   0   0   3   3   3   3   0   0   0  68   0   0  69  69  69   0  69   0   0   0   0  40  40   0   0   0  40   0  40  40  40   0  40  40   0   0  49   0  70   0  50  50  50   0   0   0   0   0   0  61   0   0   0  67  67  67  67   0  20  20  20  20   0  20  20  20  20   0   0   0   0  25   0  25  25  25   0  21  21  21  21   0   0   0  25   0  25  25   0  25   0  25   0  71   0  25  25   0  25  25   0  25   0  25   0  25   0  25  25  25  25  25
  0   3   3   3   3   3   0   3   0   3   3   0  31  31   0  72   0   3   3   3   3   3   0   0  73   0  69  69  69  69  69  69  69   0   0   0   0   0  40  40   0   0  40   0   0  40   0  40  40   0   0   0   0   0  70  70   0  50   0  61   0  61   0   0   0  61  61  61  61   0   0   0   0   0   0   0  20   0  20  20  20  20   0  20  20   0  25  25  25   0  25  25  25   0   0  21   0   0  25   0   0   0   0  25   0   0  25  25   0   0   0   0   0  25   0  25   0  25  25  25  25  25   0  25   0   0  25   0
  3   0   3   0   3   3   3   3   0   3   3   0   0  31  31   0   0   3   3   3   0   0  69   0   0   0  69  69   0  69   0   0   0  69   0   0   0  40  40   0   0  40  40   0  74   0  40  40   0   0  75   0  75  75   0   0  50  50   0  61  61  61   0  61  61  61  61  61   0   0   0   0  61  61  61   0   0   0  20  20   0  20  20  20   0  25  25  25  25  25  25   0   0  25   0   0  25  25  25   0   0   0   0   0   0  25  25   0   0  76   0   0   0  25   0   0  25  25  25  25  25  25  25  25   0  25  25   0
  3   3   0   3   3   0   0   3   3   3   3   3   0   0   0   0   3   3   0   0   0  69  69  69   0   0   0  69   0  69   0   0  69  69   0  69   0   0   0  77   0  40   0   0   0   0   0   0  78   0  75  75  75  75   0   0  50  50   0  61  61   0  61  61  61   0   0  61  61  61  61  61  61  61   0   0   0  61   0   0  20  20  20   0   0  25  25  25  25  25  25   0  25  25  25  25  25   0   0  25  25   0  25  25   0   0  25  25   0  76   0  79   0  25  25   0  25  25   0   0   0   0  25  25   0  25  25  25
  0   3   3   3   0   3   3   3   3   3   3   3   3   3   3   3   3   0   0   0   0  69  69  69   0   0  69  69  69   0   0   0   0  69   0  69   0  80  80   0  40  40   0   0  81  81  81   0   0  75  75  75  75   0  50  50  50  50  50   0  61  61   0   0   0  61  61   0  61   0  61  61  61   0   0   0  61  61   0   0  20   0   0  82   0   0  25  25   0  25  25  25  25   0  25  25  25  25  25   0  25  25  25   0   0  83   0  25   0   0  25   0  25  25  25   0  25   0  25  25  25  25  25  25  25  25  25  25
  0   3   3   0  84   0   0   0   3   0   0   3   3   3   3   3   0   0  69  69  69  69   0   0  85   0  69  69  69  69  69  69  69  69  69  69  69   0   0   0  40  40   0  86   0   0   0   0  75  75  75  75   0  50  50   0  50   0   0  61  61  61  61  61  61  61  61  61  61  61  61  61  61  61  61  61  61  61  61   0   0   0  61   0  87  87   0   0  25   0   0  25   0   0  25  25  25   0   0  25  25  25  25   0  25   0   0  25  25  25  25  25  25   0   0   0   0  25  25  25  25   0   0  25   0  25   0  25
 88   0   0  84  84   0  84  84   0   0   0   3   0   3   0   3   0   0  69  69  69   0   0  85  85  85   0  69  69   0   0   0  69  69   0  69   0   0  40  40   0  40  40   0  89  89  89   0  75  75  75   0  50  50   0   0   0  61  61  61  61   0  61  61   0  61   0   0   0  61  61  61   0   0  61   0  61  61  61  61  61   0  61  61   0   0   0  25  25  25  25  25   0  25   0  25  25  25  25  25  25   0  25   0  25  25  25  25  25  25  25  25   0   0   0   0   0   0   0  25   0  25  25  25  25  25  25   0
  0   0  90   0  84  84  84   0   0   0  91   0   0   3   3   3   0   0   0  69  69  69   0   0   0   0  69  69  69   0  69  69  69  69  69   0  92   0   0  40  40  40   0  89  89  89  89  89   0  75   0  50  50  50  50   0  61  61   0  61  61  61   0  61  61   0   0  61  61  61  61  61  61  61  61   0  61  61   0  61  61   0  61  61   0   0  25  25  25  25   0  25   0  25  25  25  25   0  25  25   0   0  25  25  25   0  25   0   0  25   0   0  93   0   0   0   0  94  94   0   0  25  25  25   0  25   0  95
  0   0   0  84  84  84   0   0  96  96   0  97   0   3   0   3   3   0   0   0  69   0  69  69  69   0   0  69  69  69   0  69   0  69   0  69   0   0  40  40   0  40   0   0   0  89   0   0  75  75  75   0  50  50  50  50   0  61   0  61   0   0   0  61   0   0   0  61   0  61  61  61   0   0   0   0  61   0   0  61   0  61  61   0  61   0  25  25   0  25   0  25  25  25   0   0  25  25   0   0  25   0  25   0  25  25  25  25   0  25  25  25   0  25  25   0  98   0  94   0   0  25  25  25   0   0   0   0
 99  99   0   0  84   0 100 100   0   0   0   0   0   3   0   3   0   0  69  69  69  69   0   0  69  69  69   0   0  69  69   0  69  69  69  69   0 101   0   0   0  40  40   0   0   0   0  75  75  75  75   0  50  50  50  50   0  61  61   0   0   0  61  61   0   0   0   0   0  61  61  61  61  61  61  61   0   0   0   0   0  61  61  61  61   0   0   0 102   0   0   0  25  25  25  25  25  25  25  25  25   0  25   0   0  25   0  25  25  25   0  25  25  25  25   0  98   0  94   0 103   0  25  25  25  25   0   0
  0   0   0   0   0 100 100 100   0   3   3   3   3   3   3   0   0 104   0  69  69  69   0   0  69  69   0   0  69   0   0   0  69  69   0  69  69   0 105   0   0  40   0 106 106 106 106   0  75   0  75   0  50   0   0   0  61  61   0   0   0   0   0  61   0   0  61   0  61  61  61  61  61  61  61   0   0  61   0   0  61  61  61   0  61  61   0 102 102   0 102   0   0  25  25   0   0  25  25  25  25  25   0 107   0   0  25   0  25  25   0  25  25   0   0   0   0   0   0   0   0   0   0  25   0   0   0   0
108 108 108 108 108   0 100   0   3   3   3   3   3   0   0 109   0 104   0   0  69  69   0  69  69   0   0  69  69  69  69  69  69   0  69  69   0 110   0  40  40  40   0 106 106 106 106   0   0 106   0  50  50  50   0 111   0  61   0  61   0   0  61  61  61   0  61  61  61  61  61   0  61  61   0   0   0  61   0  61   0  61  61   0  61  61   0 102 102 102 102 102 102   0  25   0  25  25   0  25  25  25   0   0   0  25  25  25  25   0   0   0   0   0 112 112   0   0  25   0  25  25   0  25  25  25  25   0
108 108 108 108 108 108   0   0   3   0   0   3   3   0   0   0   0   0   0   0   0  69  69  69   0   0  69  69   0  69   0  69  69  69  69  69  69   0   0   0   0   0 113   0 106   0 106 106 106 106   0  50   0   0 111 111   0   0  61  61  61  61  61  61   0  61  61  61  61   0  61  61  61   0 114   0   0  61  61  61  61  61   0 115   0  61   0   0 102 102   0 102 102 102   0 116   0   0 117   0  25  25  25  25  25  25   0   0  25  25  25  25  25   0 112   0  25  25  25  25  25  25   0  25  25  25  25  25
  0 108 108 108 108   0   3   3   3   0   0   3   3   3   0  69  69   0   0   0   0   0  69  69  69   0   0  69  69  69   0  69  69   0  69  69  69  69   0   0   0   0   0   0 106 106   0   0 106 106 106   0   0 118   0 111   0  61   0  61   0  61   0  61  61   0  61  61  61   0  61  61   0   0 114   0   0  61  61   0  61  61   0 115   0   0   0 102 102   0   0 102   0 102   0 116 116   0   0   0  25  25  25   0  25   0  25  25  25  25  25   0  25  25   0 119   0   0  25   0   0  25  25   0  25  25  25  25
  0   0 108   0 108 108   0   3   3   3   0   0   3   0  69  69   0 120   0   0 121 121   0   0  69  69  69  69   0  69  69   0  69  69  69  69  69   0  69   0   0  61  61   0 106   0 122   0   0   0   0 123 123   0   0   0  61  61   0  61   0   0   0  61  61   0  61  61  61  61  61   0   0   0 114 114 114   0  61   0  61   0   0   0 102 102   0   0 102   0 102   0   0 102   0 116   0  25   0   0   0  25  25   0   0  25  25  25   0  25  25   0  25  25   0   0 124   0   0  25   0  25  25   0   0  25  25  25
108 108 108 108   0 108 108   0   3   3   0   0   3   0  69  69   0   0 121 121 121 121   0  69   0  69  69  69   0   0  69   0  69  69  69   0  69  69  69   0  61  61   0   0 106   0 122   0   0   0   0   0   0   0  61  61  61   0  61  61   0  61  61  61   0   0   0  61  61   0   0   0   0 114 114 114   0  61  61   0  61  61  61   0 102 102 102 102 102 102 102   0 102 102 102   0   0  25  25  25  25  25  25   0   0   0   0   0  25   0   0   0  25  25  25  25   0 125   0  25  25  25  25  25  25  25   0  25
108 108   0 108 108 108 108 108   0   3   0   0   0   0  69   0 126 126   0   0   0   0   0  69  69  69  69   0   0   0  69  69  69  69  69  69  69   0   0   0  61  61   0  61   0   0 122 122   0 127   0   0  61  61  61  61  61   0  61   0   0  61  61   0  61  61  61  61  61   0 128   0   0 114   0   0  61   0  61   0  61   0   0 102 102 102 102 102 102 102 102 102 102   0 102 102   0   0  25  25  25  25   0  25   0  25  25  25  25   0   0 129   0   0  25  25   0   0  25  25  25   0  25   0  25   0  25  25
108   0   0 108 108   0   0 108   0   0   0 130   0   0  69  69   0   0  69   0  69   0  69  69  69   0  69   0  69  69  69   0   0  69  69   0   0 131 131   0   0  61   0  61  61   0 122   0  61   0  61   0  61   0   0  61  61  61  61  61  61  61   0   0  61  61   0  61   0  61   0   0   0   0 132   0  61  61  61   0  61   0 133   0   0   0   0   0   0   0   0 102   0 102 102   0   0 134   0   0  25  25  25  25  25  25  25   0  25   0  25   0 135   0  25  25  25  25  25   0  25   0  25  25  25  25   0   0
108   0 136   0 108 108 108 108   0 130 130 130 130   0   0  69  69  69  69  69  69  69   0   0   0  69   0  69  69  69  69  69  69  69  69   0   0 131 131 131   0  61   0  61  61  61   0  61  61  61  61  61  61   0   0  61  61  61   0  61   0   0 137   0   0  61   0  61   0  61  61  61  61   0   0  61   0   0  61  61  61  61   0   0  61   0   0 102 102 102 102 102   0 102   0   0 134 134   0   0   0  25   0   0  25  25  25  25  25  25  25  25   0   0  25  25  25   0  25  25   0  25  25  25   0   0   0   0
108 108   0 108   0 108 108   0 130 130 130 130 130   0   0  69   0   0   0  69  69  69  69  69  69  69  69  69  69  69   0  69  69  69   0 138   0 131 131   0  61  61  61  61   0  61  61  61   0  61  61   0  61  61   0  61  61  61  61  61  61   0 137   0   0  61   0   0  61  61   0   0   0   0   0  61   0  61   0  61  61  61   0   0  61  61   0 102 102 102   0   0   0   0 139 139   0 134 134   0   0   0  25  25   0  25  25  25   0   0  25  25   0   0   0  25   0 140   0   0  25  25   0   0 141 141   0 142
108   0 108 108 108 108   0   0 130   0 130 130 130 130 130   0 130   0   0  69   0  69  69  69  69  69   0  69   0  69   0  69   0  69  69   0 131 131   0  61  61   0  61   0 143   0   0  61   0  61   0   0   0  61  61   0   0  61  61   0  61   0   0   0  61   0   0  61  61  61  61   0  61   0  61  61  61  61  61  61  61  61   0  61  61  61   0   0   0   0   0   0 144 144   0 139   0 134   0   0 144   0  25  25  25  25  25  25  25   0  25   0 145   0 146   0   0 140 140 140   0   0   0 147   0   0 148   0
  0   0   0   0   0   0 130 130 130 130   0 130 130   0   0   0 130 130 130   0   0   0  69   0   0   0   0  69   0   0   0   0  69  69   0   0 131 131 131   0  61  61   0   0 143 143 143   0 149   0 149 149 149   0  61   0   0  61  61  61   0  61  61  61  61   0  61  61  61  61  61  61  61  61  61   0  61   0  61  61   0  61  61  61  61  61  61  61   0 150 150   0 144 144   0 139   0   0 144 144 144   0   0  25  25   0   0  25   0  25  25  25   0   0   0   0 140 140 140   0 147 147 147 147 147   0   0   0
151   0 152 152   0 152   0   0   0 130   0   0 130 130 130 130 130   0 130 130   0 153   0   0  69  69   0  69  69   0   0   0  69  69  69   0 131   0   0   0  61   0 154   0 143   0 143   0 149 149 149 149 149   0   0  61  61  61  61  61  61  61  61   0  61  61   0  61   0   0  61  61   0   0  61   0  61  61  61  61  61  61   0   0  61  61  61   0 155   0   0 156   0 144 144   0 144 144 144   0   0 144   0   0  25   0   0   0  25  25  25  25   0   0   0   0   0   0   0 157   0 147 147 147 147 147 147 147
151   0 152   0 152 152 152   0   0   0   0 158   0   0 130 130   0   0 130 130   0   0 159   0  69   0  69  69   0  69  69  69  69  69   0 160   0  69  69   0   0 161   0 162   0   0   0 163   0 149   0   0 149   0  61  61   0  61  61  61   0   0  61  61   0  61  61  61  61  61  61  61   0   0   0   0  61  61   0   0  61  61  61  61   0  61  61   0   0 144 144   0   0 144   0 144 144 144 144   0 144 144   0   0  25   0  25  25   0   0  25  25  25  25   0   0   0  25   0   0 164   0 147 147 147 147 147   0
  0   0 152 152 152 152   0   0   0 165 165   0   0   0   0 130 130 130 130   0 159 159 159   0  69  69  69  69  69  69   0  69  69  69  69   0  69  69   0   0   0   0  69   0 163 163   0 163   0   0   0 149 149   0  61  61  61   0  61   0 166   0   0   0 167   0  61  61   0  61   0  61  61  61  61  61   0  61   0   0   0  61   0  61   0   0   0 144   0 144 144 144 144 144 144   0 144   0 144 144 144   0 144   0   0   0   0  25   0 168   0  25  25  25   0  25  25  25  25   0   0   0   0 147 147   0 147 147
  0 152 152 152 152 152 152 152   0 165 165 165   0 169 169   0 130 130   0 159 159 159   0  69   0   0  69  69   0   0  69  69   0  69   0   0   0  69  69  69  69  69  69   0 163 163 163 163 163 163 163   0   0   0   0  61  61  61   0   0   0 170 170 170   0  61  61  61   0   0 171   0  61  61   0   0  61  61  61  61   0  61   0  61   0   0   0 144 144 144 144   0   0 144   0 144 144 144   0   0 144 144 144 144   0   0  25  25   0   0  25  25  25  25  25  25  25  25  25   0 147 147 147 147   0 147 147 147
  0   0   0 152 152 152   0   0 165 165 165   0   0   0 169   0   0 130   0 159   0 159   0  69  69  69  69  69  69  69   0   0  69  69   0  69  69  69   0  69   0   0  69  69   0 163   0   0 163 163   0 170 170   0   0  61  61   0   0 172   0   0 170 170 170   0   0  61   0   0   0   0   0  61  61   0   0   0  61   0   0  61   0  61  61  61  61   0   0   0 144   0 144 144 144 144   0   0 173   0   0 144 144   0 174   0   0  25  25  25  25  25  25  25  25  25  25   0   0   0   0 147 147 147 147 147   0   0
152   0   0 152 152   0 152 152   0   0   0 175 175 175   0 176   0   0 177   0 159 159   0  69   0  69   0  69   0  69   0  69  69  69  69   0  69   0   0  69  69  69   0   0   0 163   0 178   0 163   0   0 170 170 170   0   0   0 172 172   0 170 170   0   0  61  61  61   0 179 179   0 180   0  61   0  61  61  61  61   0   0 181   0  61   0  61   0   0 144 144   0 144 144   0   0   0 182   0 144 144 144   0 183   0   0   0   0   0  25   0   0   0  25  25   0   0 184   0 184 184   0 147   0 147 147   0   0
152 152   0   0 152 152 152   0 185   0 175 175   0 175   0 176 176   0 177   0 159   0 186   0   0  69  69  69  69   0   0  69  69  69   0  69  69  69  69  69  69   0   0   0 187   0   0   0   0   0   0 188   0   0 170   0 172 172   0 172   0   0 170   0   0   0   0  61  61   0 179 179   0   0   0   0   0  61  61   0   0 181 181   0   0  61  61   0   0 144 144   0   0 144   0 144 144   0 144 144 144   0 189   0   0   0   0 190   0  25  25  25   0  25   0 191   0 184 184 184 184   0   0  25   0   0  25  25
152 152 152   0 152 152   0 152   0   0 175 175 175   0   0   0   0   0 177   0   0 192   0 193 193   0  69   0   0   0 194   0  69  69   0  69  69  69   0   0   0 195 195 195   0   0 196 196 196 196   0   0 170 170 170 170   0 172 172 172 172   0 170 170   0   0   0  61  61  61   0 179   0  61  61  61  61  61   0   0 197   0 181   0 198   0  61  61  61   0   0   0   0 144 144 144 144 144 144 144 144 144   0   0 199   0 190 190   0  25  25   0  25  25  25   0 200   0 184 184   0   0  25  25   0  25  25   0
152 152   0 152 152   0   0 152 152   0   0 175   0   0   0   0 201 201   0 202   0 192   0 193 193 193   0   0 203   0   0  69   0  69  69  69   0  69  69  69  69   0   0 195   0   0   0 196 196 196   0 170   0   0   0 170 170   0   0   0 172   0 170   0  61  61  61  61  61  61  61   0   0   0   0  61  61   0 197 197 197   0 181   0 198 198   0  61   0   0   0 144 144 144 144 144   0 144 144   0   0 144 144 144   0 190 190   0  25  25   0 204   0  25  25   0   0  25   0   0   0  25  25  25  25  25  25  25
152   0   0   0 152 152 152   0 152 152   0   0 202 202   0   0   0   0 202 202 202   0   0 193 193 193   0   0 203   0  69  69  69  69  69  69   0  69  69  69   0 205   0   0 196 196 196 196 196 196   0 170 170 170 170 170   0 170 170   0   0   0 170   0   0  61  61   0  61   0  61  61   0  61  61  61   0   0   0   0   0 181 181   0 198 198 198   0   0   0 144   0 144 144 144 144 144 144 144   0 206   0   0 144   0   0 190   0  25   0  25   0  25  25  25  25   0  25  25  25  25   0   0  25  25  25  25  25
152   0 152 152 152 152   0 152 152 152 152   0 202 202 202 202 202 202 202   0   0 207   0 193 193 193   0 203 203   0  69   0   0  69   0  69  69   0  69  69  69   0 208   0   0   0 196 196 196   0 196   0   0   0   0 170 170 170   0   0   0 170 170   0 209   0  61  61   0  61  61  61   0  61   0  61  61  61  61   0 181 181   0 198 198 198 198 198 198   0 144 144 144 144   0 144   0 144   0 210   0   0 211   0   0 212   0 213   0   0  25  25   0  25   0  25  25  25  25  25   0   0   0  25  25   0  25  25
152 152 152   0 152 152 152 152 152   0 152 152   0 202   0   0 202   0   0 214   0 207   0   0   0   0 203 203   0   0  69  69  69  69   0   0  69  69  69  69   0   0   0  69  69   0   0   0 196 196 196 196   0 170 170 170 170   0   0 170 170 170 170   0 209 209   0   0 215   0   0  61   0  61   0  61   0   0   0 216   0 181   0   0 198 198 198   0   0   0 144   0 144   0 217   0   0   0   0   0 218   0   0   0 219   0 220   0   0  25   0  25  25  25  25  25  25  25   0   0  25  25  25  25  25  25   0   0
152 152 152   0   0 152 152 152   0   0   0 152   0 202 202   0 202 202 202   0   0 207 207 207 207 207   0 203   0  69  69   0   0  69  69   0   0  69  69   0  69  69  69  69  69   0 221 221   0   0 196   0 170 170   0   0 170 170 170   0 170 170 170 170   0   0 222   0   0  61  61  61  61   0 223   0   0 217   0   0 181 181   0 224   0 198 198   0 225   0   0 144 144   0 217   0   0   0   0 226   0 227 227 227   0   0   0  25  25  25   0  25  25  25  25   0   0  25  25  25  25   0  25  25  25   0   0 228
152 152   0   0   0 152 152   0 152 152 152 152   0 202   0   0   0   0 202 202   0 207 207 207 207 207   0   0  69  69   0  69  69  69  69  69  69  69   0  69   0  69  69   0   0   0 221 221   0   0   0 170 170 170   0 170   0 170   0   0 170 170   0   0 170   0   0   0  61  61  61   0  61   0   0 217 217 217 217   0 181 181   0   0 198 198 198   0   0   0 229   0 144   0 217 217 217 217   0   0 227 227 227 227   0 230   0  25   0  25  25   0   0  25  25   0  25  25   0  25  25   0  25  25   0  25  25   0
  0   0 152 152   0 152   0 152 152 152 152 152   0   0   0 231   0   0   0   0 232   0   0 207 207 207   0   0   0  69   0  69   0   0  69  69  69  69   0  69  69   0  69  69   0 233   0   0 234 234 234   0   0 170   0 170   0 170 170   0 170 170 170 170 170 170   0   0   0  61  61  61   0   0 217 217 217 217   0   0   0   0 217 217   0 198   0   0 217 217   0 144 144   0 217 217 217 217   0 217   0   0   0   0 235   0   0   0  25  25  25  25  25   0  25   0  25  25  25  25   0  25  25  25   0   0  25  25
152 152 152 152 152 152 152   0   0   0   0   0   0   0   0   0   0   0   0   0   0 207 207 207 207   0 207   0   0   0   0   0 236   0   0  69  69  69  69  69   0  69  69   0 233 233 233 233   0 234   0   0 170 170 170 170 170 170   0   0   0   0 170 170 170 170 170 170 170   0  61   0   0   0   0 217   0 217 217 217 217 217 217   0 198 198   0 217 217 217 217   0   0 217 217   0 217 217   0 217   0   0   0   0   0   0 217 217   0  25  25  25  25  25  25  25  25  25   0  25   0   0   0  25  25  25  25  25
  0 152 152   0 152 152   0   0   0 207 207 207 207   0 207   0 207 207   0 207 207 207   0 207 207 207 207 207 207   0   0   0   0 237   0  69   0   0  69   0  69  69  69   0 233 233   0   0 234 234 234   0 170 170   0 170 170 170 170 170 170 170 170 170 170 170   0 170   0 238   0 217   0 217   0   0   0   0   0   0   0 217 217   0   0   0 217 217 217   0 217   0 217 217 217 217   0 217   0 217 217   0 217 217 217 217 217 217   0  25   0  25   0   0  25  25   0  25   0   0  25   0  25  25  25  25  25  25
152 152 152   0   0 152 152   0   0   0 207   0 207 207 207 207 207 207   0   0 207 207   0 207 207 207   0   0   0  69   0 239 239   0   0   0   0  69  69   0  69  69  69  69   0   0   0   0 234 234 234   0 170 170   0 170 170   0 170 170 170 170   0   0 170 170   0   0 170   0 217 217 217 217   0   0 217 217 217   0   0 217   0 217   0 217   0 217   0 217 217 217   0 217 217   0 240   0   0 217 217 217   0 217   0 217   0   0 217   0  25  25  25  25   0   0 241   0   0  25  25  25  25  25  25   0   0  25
  0   0   0   0   0   0 152 152 152   0 207 207   0   0   0 207   0 207   0 207 207 207 207 207 207 207   0  69  69  69   0   0   0 242   0   0   0  69  69  69  69  69   0   0  69   0   0 243   0 234   0 170 170   0 170 170 170 170 170 170 170   0   0   0   0 170 170 170 170   0   0   0 217   0 217   0 217   0   0 217   0 217   0 217 217 217 217 217   0 217   0   0   0 217 217 217   0 244   0   0   0 217 217 217 217 217 217 217 217   0  25  25   0   0   0  25   0 245 245   0  25   0  25   0   0   0   0  25
246 246   0   0   0 247   0 152 152 152   0 207   0 248   0 207 207 207   0 207   0   0 207 207 207 207   0  69   0  69   0  69  69   0   0  69  69  69  69   0  69  69   0   0  69  69   0   0   0   0 249   0   0   0 170 170 170   0 170 170 170 170   0   0   0 170 170 170 170   0 250   0 217   0 217 217 217   0 217 217 217 217 217 217   0   0 217 217 217 217 217 217   0 217   0 217   0   0 217 217   0 217 217 217 217 217 217   0   0  25  25   0  25  25  25  25  25   0   0  25   0   0   0  25  25  25   0   0
246 246 246 246 246   0 152 152   0   0 207 207   0   0 207 207 207 207 207 207 207   0   0   0 207   0  69  69  69  69   0  69  69   0   0  69  69  69  69   0  69  69  69  69   0  69  69  69   0 249 249 249 249   0 170   0 170   0 170 170 170   0 170 170 170 170   0   0   0   0   0   0 217 217 217   0 217 217   0   0   0 217 217 217   0 217 217   0   0 217 217 217 217   0 217 217   0   0 217 217   0 217 217   0 217   0   0   0  25  25  25  25  25  25  25   0  25   0  25  25  25  25  25  25   0  25  25  25
  0   0 246   0 246   0   0   0   0 251   0 207   0   0   0 207 207   0   0   0   0 252   0 253   0  69  69   0  69  69   0  69  69  69   0   0  69   0   0   0   0   0  69  69   0  69   0   0   0 249   0   0   0   0   0   0   0 254   0 170 170 170 170 170 170   0 170 170   0   0   0 217 217   0   0 217 217   0   0 217 217   0 217 217   0 217 217 217 217 217 217   0 217   0 217 217 217 217 217 217 217 217   0 217   0   0  25   0  25  25   0  25  25   0   0  25  25  25  25  25  25  25  25  25   0  25  25  25
  0 246 246   0   0 255   0 251 251 251 251   0 256 256 256   0 207   0   0 257 257   0 258   0  69   0   0   0  69   0 259   0  69  69  69  69  69  69  69  69  69   0  69  69  69  69   0  69   0   0   0   0 260 260   0   0 170   0 170 170 170 170 170 170   0 170 170   0   0 217 217   0 217   0   0 217 217 217 217 217 217 217 217   0   0   0   0   0   0 217   0 217 217 217 217   0 217 217   0   0   0 217 217 217   0   0  25  25  25   0 261   0   0   0  25  25  25  25  25  25   0   0   0  25  25   0   0   0
  0 246   0 262   0 255   0 251   0 251 251   0 256   0 256 256   0 263   0   0   0  69   0   0  69   0  69  69  69  69   0  69  69  69  69  69  69  69  69   0  69  69   0  69  69   0  69  69   0 170 170 170   0   0 170 170 170 170 170 170 170   0   0 170 170 170   0 217 217 217   0   0 217 217 217   0   0   0 217 217 217 217 217   0 217 217 217   0   0 217   0 217 217   0   0   0   0   0 264   0 217 217   0   0   0   0   0  25   0   0 261   0 265 265   0   0  25  25  25  25  25   0   0   0  25   0   0  25
266   0   0 262 262   0 251 251 251   0 251 251   0 256 256   0   0   0 256   0  69  69  69  69  69  69  69  69  69  69  69  69  69   0  69   0  69  69   0  69  69  69   0   0  69  69   0  69  69   0 170 170 170 170 170 170 170   0   0   0   0 170 170 170   0   0 217   0   0 217 217   0 217   0   0   0 267   0 217 217 217 217 217 217 217   0   0 217 217 217   0   0 217 217 217 217   0 264 264 264   0 217 217 217 217 217 217   0   0   0   0 268   0 265   0   0   0  25  25   0  25   0   0   0  25  25  25  25
  0   0 262 262   0   0 251 251 251   0   0 251   0 256 256   0   0 256 256   0  69  69   0  69   0  69  69  69  69   0  69  69  69  69   0 269   0   0   0   0   0  69   0   0   0  69  69  69   0 170 170   0   0   0   0   0   0 170 170 170 170 170 170   0   0   0 217 217 217 217 217 217 217 217 217   0   0   0 217   0 217 217   0 217   0   0 217 217 217   0 217 217 217   0 217 217   0   0   0   0   0   0   0 217   0 217   0   0   0 270   0 268 268   0 271   0  25  25   0 272   0 273   0   0  25  25  25  25
  0   0 262   0 251 251 251 251   0 251 251 251 251   0 256 256 256 256   0  69  69   0   0  69  69   0  69   0  69   0   0  69  69   0   0 269   0   0 274   0 275   0 276 276   0  69  69  69   0   0 170   0   0   0 277   0 278   0 170   0 170 170 170   0   0 217 217 217 217   0 217 217 217 217 217   0   0 217   0   0 217   0 217 217 217   0   0   0   0 217 217   0 217 217 217 217   0   0 279 279 279   0 217 217   0 217   0 280 280   0 281   0 268 268   0 273   0   0 272 272   0 273 273 273   0   0   0  25
  0 262 262   0   0 251 251   0 251 251 251 251 251 251   0 256   0   0  69  69   0   0   0  69   0  69  69   0  69   0   0  69   0   0 274   0   0 274 274 274   0 276 276   0   0  69   0   0   0   0 170 170   0   0 277   0   0 282   0 170 170   0   0 283 283   0 217   0   0   0   0 217 217   0 217   0   0 217 217 217 217 217   0   0 217 217 217 217   0 217   0 217 217   0   0 217 217   0   0   0 279   0 217 217 217   0   0 280   0 273   0 284   0   0 273 273   0   0 272   0   0   0 273 273 273   0 273   0
  0   0 262 262 262   0 251 251 251 251 251   0 251 251   0 256 256   0   0  69   0   0 285   0 286   0  69   0  69   0 287   0 288   0 274   0 274   0 274 274 274   0 276 276   0  69   0 274   0   0   0   0   0 289   0 290 290   0 170 170 170 170   0   0   0   0 217 217 217   0   0 217   0 217 217 217   0   0   0   0   0 217   0 291   0   0 217 217   0   0 217 217 217 217 217 217   0 292 292 292   0   0 217 217 217 217   0   0 273 273   0   0 273   0 273   0   0   0 272 272   0 293   0   0 273 273 273   0
294 294   0   0   0   0 251   0   0   0 251   0 251 251   0   0   0   0   0   0 295   0   0   0 286 286   0   0   0 296   0 288 288   0 274   0 274 274 274 274 274   0 276   0   0  69   0 274   0 274 274 274 274   0 274   0   0 274   0   0 170 170   0 217 217 217   0   0   0 217 217 217 217   0 217   0   0 297   0 297 297   0 297   0   0   0 217   0 298   0 217   0 217   0 217 217   0   0   0   0   0 299   0   0 217   0 300 300   0 273 273 273 273 273 273   0 301   0   0   0   0   0   0   0 273 273 273 273
294   0 302   0 303 303   0 304 304 304   0   0   0   0 305 305 305   0 295 295 295   0 306 306   0 286   0   0   0   0   0 288 288   0 274 274 274 274   0 274   0   0 276   0 307   0 274 274 274 274   0 274 274 274 274 274   0 274   0   0 170 170 170   0   0 217 217 217 217   0   0 217 217 217   0 297 297 297 297   0 297 297 297 297   0   0   0   0   0 217 217 217 217   0   0   0 217 217 217 217   0 299   0   0 217   0   0 300 300   0 273 273 273 273   0 273   0   0   0 273 273 273 273   0 273 273   0 273
294   0   0 308   0   0 304 304 304 304   0   0 309 309   0 305   0   0 295 295   0   0   0   0 286 286   0 288   0   0 288   0 288   0   0 274 274 274   0 274 274 274   0   0   0   0 274 274 274   0 274 274 274   0   0 274 274 274   0   0 170   0 170   0 217 217   0 217 217 217 217 217 217 217   0 297 297 297 297 297 297 297 297   0   0   0 217 217 217 217 217   0   0 310   0   0 217 217   0   0   0   0 217 217 217   0 311   0 300   0 273 273   0 273 273 273 273 273 273 273 273 273 273 273 273   0 273 273
294   0 312   0 304 304 304 304 304   0 304   0   0   0   0 305 305   0 295   0   0 288 288   0   0   0 288 288   0 288 288 288 288 288   0 274 274 274 274 274   0 274 274 274 274 274   0 274 274 274   0 274 274   0   0 274   0   0   0   0   0 313   0   0   0   0   0 217 217 217 217 217 217 217 217   0   0 297   0 297   0   0   0 217 217 217 217   0   0   0   0   0 314   0 217 217   0 217 217 217 217 217 217   0   0 311 311   0 300   0   0   0   0 273   0 273   0 273 273   0   0   0   0 273 273 273 273 273
294   0   0   0 304 304 304   0 304 304 304 304   0 304 304   0 305   0   0   0   0   0 288 288 288 288 288   0 288 288   0   0   0   0 274 274 274 274 274 274 274   0   0 274   0   0   0 274   0 274   0   0   0 315   0 274 274 274 274 274   0   0   0 217 217 217 217 217   0 217   0   0 217 217   0 316   0 297   0 297 297 297   0 217 217 217   0 217 217 217 217 217   0   0 217   0 217 217 217   0 217   0   0   0   0   0   0   0 300 300 300 300   0   0 317   0   0 273   0   0   0 318 318   0   0   0   0   0
294 294 294 294   0   0   0 319   0   0 304 304 304 304 304 304   0 304 304 304   0   0 288   0 288   0   0 288 288   0   0 274 274 274 274 274   0   0 274   0   0 274 274 274 274 274 274 274   0 274 274 274 274   0 274 274   0   0   0 274   0 274   0   0 217   0 217 217   0   0   0   0 217 217   0   0   0   0 320   0   0   0 217 217   0 217   0   0 217 217 217 217   0 217 217 217 217   0 217   0 217   0 321   0   0 322   0 323   0 300   0 300   0 300   0 324 324   0   0   0   0 318 318   0 325 325 325   0
  0 294 294   0 326   0   0   0 327   0 304 304   0   0   0 304 304 304 304 304   0 288 288 288 288 288   0 288 288 288 288   0 274 274 274 274 274   0 274 274   0   0   0   0 274   0 274   0   0   0   0 274 274 274   0   0 328   0   0 274 274 274   0   0 217   0 217 217 217 217 217   0   0 217   0 329 329 329   0   0   0   0   0   0   0 217 217 217 217 217   0 217 217 217 217   0 217 217   0 217 217 217   0   0 323   0 323 323   0   0   0 300 300 300 300   0   0 330 330   0   0 318 318 318   0 325 325   0
  0 294 294   0   0   0   0 304   0   0   0 304   0 331   0 304 304 304 304   0 332   0   0   0 288 288 288 288   0   0 288   0   0   0 274   0 274   0 274   0 274 274   0   0 274   0 274 274   0   0   0 274   0 274 274 274   0   0   0 274   0   0 217 217 217   0 217   0   0 217   0 333 333   0 329 329 329 329 329   0 329 329 329   0   0 217 217 217   0 217   0   0 217 217   0   0   0 217   0   0 217 217   0 323 323 323 323 323   0 300 300 300 300 300 300 300 300   0   0   0 300   0 318   0   0   0 325 325
  0 294 294   0 304 304 304 304   0 304 304 304 304   0   0   0   0   0 304   0   0 288 288 288 288 288 288 288 288 288 288 288 288   0 274 274 274   0 274 274 274 274 274 274   0   0   0   0   0   0   0 274 274   0   0   0   0   0 274 274   0 217 217 217 217 217 217 217 217 217   0 333 333 333   0 329   0   0 329 329 329 329   0 329 329   0 217   0   0 217 217 217   0 217 217 217 217   0   0 217 217 217   0 323   0 323 323   0 300 300 300 300   0   0   0 300 300 300   0 300 300   0   0 325 325 325 325   0
334   0   0   0 304   0   0 304 304 304 304 304 304   0   0 335 335 335   0 288 288 288   0   0 288   0 288 288 288 288 288   0 288   0 274 274 274 274 274 274 274   0   0 274   0 336   0   0 337   0   0 274   0 338   0   0   0   0 274   0   0   0 217 217 217   0 217 217   0   0   0 333 333   0 339   0 329 329   0 329 329 329 329 329   0 217 217   0 340   0 217 217   0 217   0 217 217 217 217   0 217   0 323 323 323   0 323 323   0   0 300   0 300 300   0 300   0 300 300 300 300   0   0 325 325 325 325   0
334   0 341   0   0 342 342   0 304   0   0 304 304 304 304   0 335 335   0   0 288   0   0 288   0   0 288   0 288   0   0   0   0 274 274 274 274 274 274   0 274   0   0 274   0   0 343   0   0   0 344   0   0   0 344 344   0 345   0   0   0   0 217 217 217   0 217   0   0 217   0   0   0 339 339 339   0 329 329 329 329   0 329 329 329   0 217   0 340   0   0 217   0 217 217 217   0 217   0 217 217   0   0 323 323 323   0 323   0   0 300 300 300 300 300   0 300 300 300   0   0 346 346   0 325 325   0   0
  0 347   0 342 342 342   0 342   0 342   0   0 304   0   0 288   0   0 288   0   0 288 288 288 288 288 288   0 288   0 274 274   0 274   0   0 274 274   0 274   0 274 274 274   0   0   0   0   0 344 344   0   0 348   0 344   0 345 345 345   0 345   0   0 217   0 217 217 217 217 217 217 217   0 339   0   0 329   0   0   0   0   0   0 329 329   0 340 340 340 340   0   0   0   0 217 217 217 217   0 217   0 349   0   0   0   0   0 300 300 300 300   0 300   0   0   0 300 300   0 350   0   0 351   0 325 325 325
347 347   0   0   0 342 342 342 342 342 342   0   0   0 288 288 288 288 288   0 288 288 288 288   0   0 288 288 288 288   0 274 274 274   0 352   0 274 274 274 274   0 274 274 274 274 274 274   0   0 344 344 344   0 344 344   0 345   0 345 345 345 345   0   0 217 217   0   0 217   0 217   0 353   0   0 354   0   0   0   0 329 329 329   0 329   0   0   0   0   0 217   0 217 217 217   0 217 217   0   0   0 349   0   0   0   0   0 300 300 300   0 300 300 300 300   0 300 300   0   0 217 217   0 325 325 325   0
347 347   0   0 342   0   0 342 342 342 342 342 342   0 288   0 288 288   0   0 288 288   0   0 355   0 288   0   0 288   0   0 274   0 356   0 357   0   0 274   0   0 274   0 274 274 274 274   0 344 344   0 344 344 344   0   0   0 358   0 345 345 345 345 345   0   0 217 217 217   0   0 359   0 360 360   0 361 361   0   0   0 329 329 329 329   0   0   0   0 217 217   0   0 217 217   0   0 217   0   0   0   0   0 362   0   0 300 300 300 300   0   0   0   0   0 363   0   0 364   0   0 217 217   0   0   0   0
347   0 365   0 342 342   0 342 342   0 342   0   0   0   0   0 288 288 288 288 288   0 288   0   0 288 288 288 288 288   0 274 274   0 356 356   0 366 366   0 274 274   0 274 274 274 274   0 367   0 344   0 344   0 344   0 368 368   0 369   0 345 345   0 345   0   0 217 217 217   0   0 359   0   0 360   0 361   0 370   0 329 329 329   0   0 217   0   0 217 217   0 217 217   0 217 217 217 217 217   0   0 217   0   0 300 300 300 300   0   0 371 371 371   0 363 363   0   0 364   0   0 217   0 217   0 217   0
347 347   0   0 342   0   0 342 342 342 342   0   0 372   0   0   0 288 288 288 288 288 288   0 288   0   0 288   0 288   0 274 274 274   0   0   0   0   0 274   0 274 274   0 274   0 274 274   0 274   0   0 344 344   0 368 368   0 373   0   0   0   0   0   0   0   0 217 217   0 359 359 359 359 359   0   0   0   0 370   0 329 329   0 217 217 217   0   0 217 217   0 217 217   0   0 217 217 217 217   0 217 217 217   0   0   0   0   0 374   0 371   0   0 375   0   0   0 376   0   0   0 217 217 217 217 217   0
  0 347   0 342 342 342 342 342 342 342   0 372 372 372   0   0 288 288   0 288 288   0 288 288 288 288 288   0   0 288 288   0   0 274 274   0 377   0   0 274   0 274   0 274 274 274 274 274 274 274 274   0 344 344 344   0   0 378   0   0   0 379   0 380   0   0   0   0 217   0   0 359 359 359 359 359   0 359 359   0 381   0   0 382   0 217 217 217 217   0 217 217   0 217 217 217 217 217   0   0 217   0 217   0   0 217   0   0 374 374   0   0   0 383   0 384 384   0 376   0 385   0   0   0 217 217 217   0
  0   0 342 342 342 342 342 342 342 342   0 372   0   0 386   0   0 288   0 288   0 288 288 288   0 288   0 288 288 288 288 288   0   0 274   0   0   0 274 274 274 274 274   0   0 274 274 274   0   0 274   0 344 344   0   0 387   0 388   0 379 379   0   0 389   0 390   0 217 217   0   0 359 359 359 359 359 359 359 359   0 391   0 382 382   0 217 217 217 217 217 217 217 217 217   0 217 217   0   0 217 217 217 217 217 217 217 217   0 374 374   0 383 383   0 384 384 384   0 385 385   0   0 392   0 217   0 393
394   0   0   0   0 342 342   0   0 342 342   0 395 395   0 288 288 288   0   0 288 288 288 288 288 288 288 288   0 288   0 288   0   0 274 274 274 274   0   0 274 274   0 274 274 274   0 274   0   0   0 396   0   0 397   0 387 387   0   0   0   0   0 398   0 399   0   0 217   0 400   0   0   0   0 359   0 359   0 359   0   0   0 382   0   0   0   0 217   0 217 217 217   0   0 217   0 217   0 217 217 217 217 217 217 217 217   0 401   0   0   0   0 383 383   0 384   0 385 385 385 385   0   0 217 217   0 393
  0   0 402 402 402   0 342   0   0   0   0 402   0   0   0 288   0 288 288   0 288   0 288 288 288 288 288 288 288 288 288 288   0 403   0 274 274 274 274 274 274   0 274 274   0 274   0 274 274   0   0 396   0   0 397   0 387 387   0 387 387   0 404   0 387   0 387 387   0 400 400   0   0 405   0   0   0 359 359 359 359 359   0   0   0   0   0 359   0 217 217   0 217 217   0 217   0 217 217 217 217 217 217 217 217 217 217 217   0 217   0   0   0   0   0 406   0 217   0   0   0   0   0 217   0 217 217   0
  0 402 402 402 402 402   0   0   0 407   0 402 402 402   0 288   0 288   0 408   0   0 288   0 288   0   0   0   0 288   0   0   0 403   0   0 274 274 274 274 274   0 274   0 274 274   0   0 274 274 274   0   0   0   0   0 387 387 387 387 387 387   0 387 387   0 387 387   0   0   0 387 387   0   0 387   0   0 359 359 359 359   0 359 359 359 359 359   0   0 217 217 217 217 217 217   0 217 217   0 217 217   0 217   0   0 217 217 217 217 217   0   0   0 406 406   0 217 217   0 217 217 217 217   0 217 217   0
  0 402 402 402   0 402 402   0 402   0 402 402 402   0   0 288   0   0 288   0   0 409   0 288 288 288 288   0   0 288   0   0   0 403   0   0 274   0 274   0 274   0 274 274   0 274 274 274 274 274 274   0   0 410   0 387 387   0   0   0   0 387 387 387 387 387 387   0 387 387 387 387 387   0   0 387   0 359 359   0 359 359 359   0 359   0   0 359 359 359   0 217   0   0 217 217 217   0 217   0 217 217 217   0   0   0 217 217 217   0 217 217   0 217   0   0   0 217   0   0 217 217   0   0 217 217   0 411
  0 402 402 402 402   0 402 402 402 402 402 402   0   0 288 288 288 288 288 288   0 409 409   0 288   0   0 412 412   0 412 412 412   0   0   0   0 274 274 274   0   0 274   0 413   0 274 274 274 274 274   0   0 410 410   0 387   0 387 387 387 387   0 387   0 387 387 387   0 387 387 387 387 387   0 387   0   0   0 359 359   0 359 359 359   0 359 359 359 359 359   0 217 217   0   0 217 217 217 217   0   0 217   0   0   0   0 217 217 217 217 217 217 217 217   0 217 217   0 217 217 217 217 217 217 217   0   0
  0   0 402   0 402 402   0 402 402 402   0 402   0 288 288 288   0 288   0   0 288   0 409   0   0 414   0   0 412   0 412 412   0 387 387 387   0   0   0 274 274   0   0 387   0 274 274 274   0 274 274   0   0   0   0 387 387 387   0 387 387   0   0 387   0   0 387 387   0 387 387 387   0 387   0 387 387   0   0   0 359   0   0 359 359 359   0   0 359 359 359   0 217 217 217 217 217   0 217   0 217 217   0   0   0   0   0 217   0 217   0 217   0   0 217 217 217   0 415   0 217   0   0 217   0 217   0 416
417   0 402   0   0 402 402 402 402   0 418   0   0 288   0 288 288 288 288   0 288 288   0 412 412   0   0 412 412 412 412   0   0   0 387   0   0 387   0   0   0   0 387 387   0 274   0   0   0 274 274   0 387 387   0 387   0 387 387   0 387 387   0 387 387 387 387   0 419   0   0 387 387 387 387 387   0 359 359 359 359 359   0 359 359   0 420 420   0   0 359   0 217 217 217   0   0   0 217 217 217 217 217 217   0 421   0   0   0   0   0   0   0 217 217   0   0   0   0 217 217 217   0 217   0   0   0   0
417 417   0 422 422   0 402   0   0   0   0   0   0   0 288 288 288   0 288 288 288   0 423   0 412   0   0 412   0 412   0   0   0   0 387 387 387 387 387   0 387 387   0 387 387   0 387 387 387   0   0 387 387   0 387 387 387   0   0   0 387 387 387 387   0   0   0 424   0   0 387 387   0   0 387 387 387   0 359 359 359   0   0 359 359   0 420   0 425   0 359 359   0 217 217 217   0   0 217 217 217   0   0   0 421 421   0   0 426   0   0 427   0   0 217   0 217 217 217 217 217 217 217   0   0 428   0 429
417 417   0   0 422   0   0 288 288 288 288 288   0   0   0 288 288   0 288 288 288   0   0   0 412 412 412 412   0 412 412 412   0 387   0 387   0   0   0 387 387 387   0 387 387 387 387 387   0 430   0   0 387 387 387   0 387   0 431   0   0 387 387 387   0   0   0   0 432   0 387 387 387   0 387   0   0 387   0 359 359 359 359   0 359   0   0 217   0 359 359   0 217 217   0 217 217 217   0 217 217   0 433   0   0 421 421   0 426   0 434   0 217 217 217 217 217   0 217 217   0 217 217 217 217   0   0 429
  0 417   0   0   0 288 288   0   0 288 288 288 288   0 288 288 288 288 288   0   0 435 435 435   0   0 412 412 412 412   0   0 387 387 387 387   0 387   0 387 387   0   0 387 387   0 387   0 436   0   0 387 387 387 387 387 387   0 431   0   0   0   0 387 387 387 387   0 432   0 387 387 387   0 387   0 387 387   0 359   0   0 359   0 359   0   0 217   0   0   0 217   0 217   0 217 217   0 437   0   0 437   0   0 438   0 421 421   0 217   0 217   0 217 217 217 217 217 217   0 217 217 217 217   0   0 439   0
417 417   0   0 440   0 288 288 288 288 288 288   0 288   0   0 288 288   0 288 288   0   0   0 441   0 412   0   0   0 387 387 387 387 387 387   0 387 387   0 387 387 387 387 387 387   0   0 436   0   0 387 387 387   0 387 387 387   0 442 442 442   0 387   0   0   0 387   0   0 387 387   0   0   0 387 387 387 387   0 443   0   0 359 359 359   0 217   0 217 217 217 217   0 217 217 217   0 437 437 437 437 437 437   0 421 421 421   0 217 217 217 217 217   0 217   0 217   0   0 217   0   0 217   0 444   0   0
417 417   0 417   0 445   0 288 288 288 288 288 288 288 288 288 288 288 288 288 288 288   0   0 441 441   0 446 446 446   0 387 387   0   0   0   0 387 387 387 387 387   0   0   0 387 387 387   0   0 447   0 387 387   0   0 387   0 442 442   0   0 448   0 387 387 387 387 387 387 387   0   0 387   0   0   0 387 387   0   0 449   0   0   0   0 217 217 217 217   0 217 217 217 217   0 217 217   0   0   0   0   0 437   0 421   0   0   0   0 217   0 217 217   0   0 217 217 217 217 217   0   0 217   0   0   0 450
417 417   0 417   0 445   0 288 288   0   0   0 288 288   0   0 288 288 288 288   0   0   0 441 441   0 446 446   0   0   0   0 387   0   0 387 387   0 387   0   0   0   0 451   0   0   0 387   0 452   0   0   0 387   0 387 387 387   0   0   0 387   0 387 387 387   0 387 387 387 387   0 387 387   0 387 387   0 387 387 387   0   0 217 217 217 217 217 217 217 217 217 217 217 217   0 217   0   0 453 453 453 453   0 421 421   0   0   0   0   0   0   0   0 454   0   0   0 217 217 217   0 455   0   0   0   0   0
  0 417 417 417 417   0 456   0   0   0   0   0 288 288 288   0 288 288   0   0 446 446 446   0   0   0 446   0 387 387 387 387 387 387 387   0 387 387 387 387   0   0 387   0 387 387 387 387 387   0 387 387 387 387 387 387 387 387 387 387 387 387   0   0 387   0   0   0   0 387 387   0 387 387 387 387 387 387 387 387 387 387   0   0 217 217 217   0   0 217 217 217 217 217   0 457   0 458   0   0 453 453 453   0   0 421   0 421 421   0 421 421 421   0 454   0 459 459   0   0   0   0 455 455 455   0 455 455
460   0   0 417 417 417   0 461 461   0 462 462   0 288 288 288   0 288   0 446 446 446   0   0 463   0 446 446   0   0 387 387   0 387 387 387 387   0 387   0   0   0 387 387   0   0 387   0 387 387 387 387 387   0   0 387 387   0 387   0 387 387 387 387 387   0 387 387 387 387   0 387   0 387 387 387   0   0 387   0 387 387 387 387   0 217   0 217 217 217 217 217 217   0 457 457 457   0 457 457   0   0   0   0 421 421   0 421 421 421 421   0   0 464   0 459 459 459 459   0 465   0 455 455 455 455 455 455
  0 417 417 417 417 417 417   0 461   0   0 462   0 288   0 288 288   0 446 446 446 446 446   0   0 446 446 446 446 446   0   0 466   0 387 387   0 387 387 387   0   0   0 387 387 387   0 387   0 387 387 387   0 387   0 387   0 467   0 387 387   0 387 387   0 387 387 387   0 387 387 387 387 387   0   0 387 387 387   0 387 387   0   0 468   0 217 217 217 217   0   0   0   0   0 457 457 457 457 457   0 469   0 470   0 421 421 421   0 421   0 471   0 464 464   0 459 459   0   0   0   0 455 455   0   0   0   0
417 417   0 417   0   0   0 461 461 461   0   0 446   0   0   0   0   0 446 446 446   0 446 446 446 446   0   0 446 446 446 446   0   0 387   0 472   0 387 387   0 473   0 387 387 387 387 387 387 387   0 387 387 387   0 387   0   0   0 387   0 387   0   0 474   0 387   0   0   0 387   0   0 387 387   0   0   0 387   0   0 387   0   0   0 475   0 217 217 217 217 217 217   0   0 457 457   0   0   0 476   0   0   0   0   0 421 421 421   0   0 471   0 464   0 477   0 459   0 478 478   0 455 455 455 455   0   0
  0   0 479   0 480 480 480   0   0   0 446 446 446 446   0 481   0   0 446   0 446 446 446 446 446 446   0   0 446 446 446   0 446   0   0 472 472 472   0   0   0 473   0   0   0 387 387   0 387 387   0 387 387 387 387 387   0   0 387 387 387 387   0 387   0 482   0 483   0 387 387   0   0 387 387   0 387 387 387 387 387 387 387 387   0 475   0 217 217 217 217 217 217 217   0   0 457   0 217 217   0   0 484 484   0 421 421 421   0 485   0   0   0 464 464   0 464   0 486   0   0   0 455   0 455 455   0 455
  0   0   0   0   0   0 480 480   0 446 446 446 446 446   0   0 446 446 446 446 446 446 446 446 446 446 446 446 446 446 446   0 446   0 473   0   0   0 487 487   0 473   0   0 488   0 387 387   0 387   0   0 387   0   0 387   0 387   0 387   0   0   0 387   0   0 489   0 387   0   0   0 387   0 387   0 387 387   0 387 387 387 387   0   0   0 217 217   0 217   0 217 217 217 217 217   0 217 217   0   0 484 484   0   0 421 421   0 490   0 491 491 491   0 464 464 464 464   0   0 464   0   0   0 455 455   0 455
492 492 492   0 493   0 480   0   0 446 446 446 446 446 446 446 446   0 446 446 446 446   0   0 446   0 446   0 446   0 446 446 446   0 473 473 473   0 487   0   0 473   0 387   0 387 387 387   0   0   0 387 387   0 387 387 387 387 387   0   0   0   0 387 387 387   0   0 387   0   0 387 387 387 387 387 387   0 494   0 387   0 387   0 217 217 217   0 495   0 496   0   0   0   0 217   0 217   0   0 497   0 484   0 498   0   0   0 490 490   0   0 491 491   0   0 464 464   0   0 464   0 455 455 455 455 455 455
492 492   0 492   0   0   0 446   0   0 446 446 446 446 446 446 446   0   0   0   0   0 446   0 446   0 446 446   0   0 446 446   0 473 473 473 473 473   0 473 473 473   0 387   0 387   0 387 387 387 387   0   0   0 387 387 387   0 387   0 387 387 387 387   0 387 387 387 387 387 387 387   0 387   0 387   0 387   0 387 387 387   0   0   0   0   0 495 495 495   0   0   0 217 217 217   0 217 217   0   0 499   0   0 498   0   0 490 490   0 500   0 491   0   0 464   0 464   0 464 464 464   0 455 455 455 455 455
  0 492 492 492   0 501   0 446 446 446 446   0   0   0   0   0 446 446   0   0   0 446 446   0 446 446 446 446 446 446   0   0   0   0   0 473 473 473 473 473   0 473   0 387 387 387 387 387 387   0 387   0 387   0 387 387   0 387 387 387 387   0   0 387   0 387 387   0   0 387 387   0 387 387   0 387 387 387   0 387   0 387   0 502   0 503   0 495   0 495   0   0   0   0   0 217 217 217 217 217   0   0   0   0   0   0   0   0   0 500 500   0 491   0   0 464 464 464   0 464 464   0 455 455 455   0   0   0
492 492   0 492 492   0 446 446   0   0   0 504   0 504 504   0 446 446 446 446 446 446   0   0 446 446   0 446   0 446   0   0   0   0 505   0   0 473   0 473 473 473 473   0 387   0   0   0 387 387   0   0 387 387 387   0   0 387   0 387   0   0   0   0 387 387 387 387   0   0 387 387 387   0 387   0   0 387 387 387 387 387 387   0   0 503 503   0 495 495 495 495 495   0 217 217 217 217 217 217   0 506   0   0 507   0 508 508   0   0   0 491 491 491   0   0   0 464 464 464 464   0   0   0   0   0 464 464
492 492   0 492   0   0 446   0 504 504 504 504 504 504 504 504   0 446   0   0 446 446   0 446   0 446   0 446   0 446 446   0 505 505 505 505   0   0 473 473 473   0 473   0   0   0 509   0   0   0 510   0   0   0 387   0 387 387 387 387   0   0 387   0   0 387 387 387   0   0   0 387   0   0 387 387 387 387   0 387   0   0 387   0   0 503   0 511   0 495   0   0 495   0   0   0   0   0 217 217   0 506   0 508   0 508 508   0 491 491 491 491   0 491 491   0   0 464 464 464 464   0   0   0 464 464 464   0
492   0   0   0 492 492   0   0   0   0 504   0 504 504 504   0   0 446 446 446 446 446   0 446   0 446   0   0   0 446 446   0   0 505 505   0   0   0 473 473 473 473 473 473 473   0   0   0 512 512   0   0   0 513   0 514   0 387   0 387   0   0 387 387   0 387 387   0   0   0   0 387 387 387   0 387 387 387 387 387   0 515   0 503 503 503 503   0 495 495 495 495   0 503   0   0   0   0 217   0 217   0 508 508 508 508   0 516   0 491   0 491 491   0 491   0   0   0 464 464 464 464   0   0   0 464 464   0
492 492 492 492 492 492 492   0   0 492   0 504 504   0   0 446 446 446 446 446   0 446 446 446   0 446   0   0   0   0 446 446   0 505 505   0 473 473 473 473 473   0   0   0 473   0 505   0 512   0   0 517   0   0 514 514   0   0   0 387 387 387 387 387 387 387 387 387   0 518   0 387 387 387 387   0 387 387   0   0 515 515   0 503 503 503 503 503   0 495   0 495   0 503 503   0 217 217 217   0 217   0 508   0   0   0 217   0 519   0 520   0   0 491 491   0   0 464 464 464 464 464 464 464 464 464 464   0
492 492 492 492 492 492   0   0 492 492 492   0   0   0 446 446   0   0 446   0 446 446   0 446   0   0   0 446 446 446 446   0   0   0 505   0 473   0   0 473   0   0 521   0   0 505 505 505   0   0 517 517   0   0 514 514 514   0 387 387   0   0   0   0   0 387 387 387   0   0 387 387   0   0 387 387 387   0   0   0 515   0   0   0 503 503 503   0 495 495   0   0   0 503 503 503   0   0 217 217 217 217   0 217 217   0 217 217   0 522   0 522   0 491 491   0   0 464   0   0 464 464   0   0   0 464 464   0
492 492 492   0 492   0   0 492 492 492   0 523   0 446 446 446 446 446   0   0   0   0 524   0   0   0   0 446 446 446   0 505 505   0 505 505   0   0 505   0 505 505   0   0 505 505   0 505   0 525   0   0   0   0 514 514 514   0   0 387   0   0   0 526   0   0   0 387   0 387 387   0 387 387 387   0   0   0 527   0 515 515 515   0 503 503 503 503   0   0   0   0 503 503   0 503 503   0   0 217   0 217 217   0 217 217   0 217   0 522 522 522 522   0 491   0   0 464 464   0 464 464   0   0 464 464 464 464
492 492 492 492 492 492 492 492   0   0   0   0 446 446 446 446 446 446   0   0 528   0   0   0   0   0 446 446   0 446   0 505 505 505 505 505 505 505 505 505 505 505 505 505 505   0 529   0 529   0 530   0   0 514 514 514 514 514   0 387 387   0 387   0 387 387 387   0   0   0   0 387 387   0 387 387   0 531   0 532   0 515   0 533   0 503 503 503   0 503 503 503 503   0 503 503 503 503   0 217   0 217   0   0 217 217   0 217 217   0   0   0 522 522   0 534   0   0 464 464 464 464 464 464 464   0 464 464
492 492   0 492 492   0 492   0 535 535   0 446 446 446 446 446 446   0 528 528 528 528   0 536   0 446 446 446   0 446 446   0   0 505   0   0 505   0 505   0 505   0   0   0   0   0 529   0 529 529   0   0   0 514   0   0 514 514   0 387 387 387 387 387 387 387   0 537 537   0 538   0 387   0 387   0 387   0   0 532   0   0 533 533   0 503   0 503 503 503   0 503   0   0   0   0   0 503   0 217 217 217   0   0   0 217 217 217   0   0   0 522 522 522   0   0 539   0   0   0 464 464   0 464 464   0   0 464
  0 492 492 492 492   0   0 540   0   0   0   0 446   0 446   0 446   0   0   0 528   0 536 536   0 446 446 446 446   0 446 446   0   0   0 541   0   0   0 542   0   0 543 543   0 529 529 529 529 529   0   0   0   0   0 544   0   0 545   0 387 387   0   0 387 387 387   0 537 537   0 546   0   0 387 387 387 387   0 532 532   0 533 533 533   0   0   0 503   0 547   0 547   0 548 548 548   0 217 217 217   0   0 217 217 217   0   0   0 549 549   0 522   0 522 522   0 522 522 522   0   0   0   0 464 464   0   0
  0 492   0 492 492   0   0 540   0   0   0   0   0 446 446 446 446 446   0 541   0 536 536   0   0 446 446 446   0   0 446   0   0 541 541 541 541 541   0   0 543 543 543   0 550   0 529 529   0   0   0 551 551 551 551   0   0   0   0   0   0   0   0 387 387   0   0 387   0 537 537   0   0   0   0 387   0 387 387   0 532 532   0 533   0 552 552 552   0 547 547 547 547   0   0   0 548   0 217   0 217 217 217 217   0 217   0   0   0 549   0 522 522 522 522   0 522 522 522   0   0   0 553 553   0   0 553   0
492 492 492 492   0 554   0 540   0 555   0 446 446 446   0   0   0   0 541 541 541   0   0   0   0   0 446 446   0 556   0   0 541   0   0 541   0 541   0   0   0   0   0 541   0 541   0 529   0 557 557   0 551   0   0 558 558   0   0   0 387   0 387 387   0 559   0 387 387   0   0 387 387   0   0 387 387   0 387 387   0   0   0   0   0 552   0 552   0   0 547 547 547 547 547   0 548   0 217 217   0   0 217 217 217 217   0 560   0   0 522 522 522 522 522 522   0 522 522   0   0   0   0 553 553 553 553 553
492 492 492   0   0   0   0   0   0 555 555   0 446 446 446 446   0 541 541   0 541 541   0 446 446 446 446   0 541   0 541 541 541 541 541 541   0 541 541 541 541 541   0 541 541 541   0   0 557 557 557   0   0   0 558 558 558   0   0 387 387   0   0 387   0 559   0 387 387 387 387 387 387 387 387 387 387   0   0   0   0 561   0 562   0   0 563   0   0 547 547 547   0   0   0 217   0 217 217 217   0 564   0   0 217 217 217   0 522 522 522 522 522 522   0 522   0 522 522 522 522   0   0   0   0   0   0   0
492   0 492   0 565 565 565   0 555 555 555   0 446   0 446   0 566   0 541   0   0 541   0   0   0 446 446   0 541 541 541   0 541   0   0   0   0 541 541 541   0   0 541   0 541   0   0   0 557   0 557   0   0 558   0   0 558   0 387 387 387 387 387 387 387   0 387   0   0   0 387 387   0 387 387 387   0 547 547 547   0   0   0   0 547   0   0 547   0 547   0   0   0 567   0 217 217 217   0 217   0   0 568 568   0 217   0 569   0 522 522   0   0 522   0 522 522 522   0   0   0 570   0   0   0 571   0 572
492 492 492 492   0   0 565   0   0   0   0 446 446 446 446   0   0   0 541   0   0 541   0   0   0 446   0   0   0   0 541   0 541 541 541 541   0   0   0 541 541 541 541 541 541   0   0 541   0   0   0 541   0 558 558 558 558   0   0 387 387 387 387 387 387 387 387 387   0 387 387 387 387 387   0 387   0 547   0 547   0 547 547   0 547 547 547 547   0 547 547 547   0   0 217 217 217 217 217 217   0   0   0   0 569   0 569 569   0 522 522 522   0   0 522 522 522   0   0 522   0 570 570   0   0 571   0   0
492   0   0 492   0 492   0 492 492   0 446 446 446 446 446   0 573   0   0 541 541 541 541 541   0   0 541 541 541 541   0   0 541   0 541 541   0 541   0 541 541 541   0 541 541   0 541 541   0   0 541 541 541   0   0   0 558 558   0   0   0 387 387   0   0 387 387   0   0   0   0 387   0 387   0   0 547 547 547 547 547 547 547 547 547 547 547 547 547   0 547 547   0 217 217 217   0 217 217   0 574   0 574   0 569 569 569   0 522 522 522   0 522 522   0 522 522 522   0 522 522   0 570 570   0   0 575   0
  0 492 492 492 492 492 492 492   0   0   0   0 446 446 446   0   0 576 576   0   0 541   0 541   0   0   0 541   0 541   0   0 541   0   0   0 541 541 541 541   0 541   0 541   0   0 541 541   0   0 541   0 541   0 577 577   0   0 578   0   0   0 387 387 387 387   0 387   0 387 387 387 387   0   0   0   0 547 547   0   0 547 547 547 547 547 547 547 547 547 547 547   0   0   0   0 217 217   0 574 574 574 574   0   0   0 569   0 522 522 522 522 522   0   0 522 522 522 522   0 522   0   0 570   0 579   0 580
  0 492   0 492 492 492 492 492 492 492   0   0   0   0   0 581 581   0   0   0   0   0   0 541   0 582   0 541 541   0 541 541 541   0 583   0   0 541 541   0 541 541 541 541 541 541 541   0 541 541 541 541   0 541   0   0 584 584   0   0 584 584   0 387 387   0 387 387   0 387   0 387 387   0   0   0   0   0   0   0 547 547   0   0 547   0 547   0 547 547   0 547 547   0   0 547   0   0   0 574 574 574   0 585   0   0   0 522 522 522 522 522   0   0   0   0   0 522 522 522 522   0   0   0   0   0   0 580
586   0   0 492   0 492 492 492   0 492 492 492   0 587 587   0 581 581   0   0 588   0   0 541 541   0   0 541 541 541 541 541 541 541   0   0 541   0 541 541   0 541 541 541 541 541 541 541   0   0   0 541   0 541 541   0 584 584 584 584 584   0 387 387 387 387 387 387 387 387 387 387   0 589   0   0   0 590 590   0 547 547   0 547 547 547   0 547 547 547 547 547 547 547 547 547 547 547   0   0 574   0   0 585 585 585 585   0 522   0 522 522 522 522   0   0   0 522   0   0   0 591   0   0   0 591   0 580
  0 592   0 492   0 492 492   0 492 492 492   0 593   0 587   0   0   0 594   0   0   0   0   0 541 541 541 541 541 541 541 541 541   0 541 541 541 541 541 541 541   0 541 541   0 541 541   0   0   0   0 541   0 541 541 541   0 584 584   0 584 584   0 387   0   0   0 387 387   0   0 387   0   0 595 595   0 590 590   0   0 547 547   0 547   0 547 547   0 547 547   0   0   0   0 547   0   0 596   0   0 585 585 585   0 585 585   0   0   0 522   0   0 522   0 522   0 522 522 522   0 591 591 591   0 591 591   0
492   0 597   0 492 492 492 492 492 492 492 492   0   0 587   0 492   0 594 594 594 594   0 598   0   0 541   0 541   0   0   0   0   0 541   0   0 541   0 541 541 541   0   0 541   0   0 541   0 541 541 541 541 541   0   0 599   0 584 584   0 584 584   0   0 387 387   0 387 387   0 387 387   0   0   0 590 590   0   0 547 547 547   0   0 547 547 547   0   0 547 547 547   0   0   0   0   0   0 600   0   0   0   0 601   0   0 522 522 522 522 522 522 522 522 522 522 522 522 522   0   0 591 591 591 591 591   0
492   0   0   0   0   0   0 492   0   0   0 492 492 492   0 492 492 492   0   0 594   0 598 598   0 598   0 602   0 603 603   0 541 541 541   0   0   0   0 541   0 541 541 541 541 541 541 541 541 541   0   0   0   0 604 604   0 604   0 584   0   0 584   0   0   0 387 387 387 387 387 387 387   0   0 590 590 590   0   0 547 547 547   0 547 547 547   0   0   0 547 547 547 547 547 547 547 547 547   0 605   0   0   0 601 601   0 522 522   0   0 522 522   0 522 522 522 522 522 522 522 522   0   0 591   0   0   0
492 492 492 492   0   0   0 492   0 606   0 492 492   0 492 492 492 492   0 492   0 598 598 598 598 598 598   0   0   0   0 541 541 541 541   0 541   0 541   0   0 541 541 541   0 541 541   0 541   0 607   0   0 604 604 604 604 604   0 584 584   0   0   0 387 387 387 387 387   0 387   0 387   0   0 590 590 590 590   0 547 547   0 608   0   0   0 609   0 547 547   0 547 547 547   0 547   0   0   0   0   0 601 601 601   0   0 522 522 522   0 522 522 522   0 522   0   0   0 522 522 522 522   0   0 610 610   0
  0   0 492 492 492 492 492 492 492   0 492 492   0 492 492   0 492 492 492 492   0 598 598 598 598   0   0   0 598   0   0   0   0   0 541 541 541   0 541 541 541   0   0 541 541   0 541   0 541 541   0 604 604 604   0   0   0 604 604   0 584   0   0 387 387 387   0 387 387   0 387 387 387   0 387   0 590 590 590   0   0   0 608 608 608   0   0   0   0 547   0 547 547 547   0   0   0   0 611   0   0 601 601 601   0   0 522   0 522   0   0 522 522   0   0   0   0 522 522 522   0   0   0 610 610 610 610 610
  0   0   0 492 492   0 492 492 492 492 492 492 492 492 492   0   0   0 492   0 598   0 598   0 598 598 598 598 598   0 612   0 541 541 541 541 541 541 541 541   0 613   0   0   0 541 541 541 541   0   0 604 604 604 604 604   0   0   0 584 584 584   0   0   0 387 387 387   0   0 387 387 387 387 387   0   0 590 590   0   0   0 608   0 608   0 614   0 547 547 547   0   0   0   0 615   0 611 611 611   0   0   0   0 522   0 522 522 522 522 522 522   0 522 522   0 616   0   0   0   0 617   0 610 610   0   0   0
  0   0 492   0 492 492   0   0   0   0 492 492 492   0   0   0   0 598   0   0 598   0 598   0   0   0 598 598   0 618   0 619   0   0 541 541   0   0   0 541 541   0 620   0 541 541   0 541   0   0   0   0 604 604   0   0   0 584 584 584   0 584 584   0 621   0 387 387   0   0 387   0   0 387   0   0   0   0   0 622 622   0 608 608 608 608   0 547 547   0 547   0 547 547   0   0 611   0 611   0 623   0 522 522 522 522 522 522   0   0 522 522   0 522 522 522   0 522 522   0 624   0   0 610   0 625 625 625
626   0 492 492 492 492   0 627   0   0   0   0   0 628   0   0 598 598 598 598 598 598 598 598 598 598 598 598   0 618   0   0   0 629   0   0 630   0   0 541 541   0 620   0   0 541   0 541 541 541 541 541   0   0 541   0 584 584 584 584 584 584 584 584   0 631   0 387   0 632   0 631 631   0   0 622 622 622 622 622   0   0 608   0 608   0 633   0   0   0 547   0 547   0   0   0 611 611 611   0   0   0   0   0 522   0   0   0 522 522 522 522 522 522   0 522   0 522 522   0   0 634   0   0 625 625 625 625
  0   0 492 492   0   0   0 627 627 627 627   0 628 628   0 598 598 598   0   0   0 598 598 598 598   0   0   0 635   0   0 629 629 629 629 629   0 541 541 541   0   0   0   0 541 541 541   0   0   0   0 541 541 541 541   0   0   0 584   0 584 584 584   0   0 631   0   0 636   0 631 631   0 637   0 622 622 622 622 622 622 622   0 638   0   0   0 547   0 547 547 547 547 547   0   0 611   0 611 611   0 522   0 522 522 522 522 522   0 522   0 522 522 522 522   0   0 522   0   0 634 634   0   0   0 625 625 625
639   0   0   0 640   0   0   0 627   0 627 627   0 628 628   0   0 598   0 598 598 598 598 598   0 641 641   0   0   0 629 629 629 629 629   0   0 541   0 541   0   0   0   0   0 541 541 541   0   0   0 541 541   0 541   0 584 584   0   0 584 584   0 631 631 631   0 642   0 631 631 631 631   0   0   0 622 622 622   0   0 622 622   0   0   0   0 547 547   0   0   0 547 547 547   0 611 611 611   0 522 522   0 522   0 522   0 522   0 522   0   0 522 522 522 522 522 522   0 634 634 634 634 634 634   0   0   0
639   0   0   0 640 640   0 627 627   0 627 627   0   0   0 598 598 598   0 598 598 598   0   0   0 641 641 641 641 641   0 629   0 629   0 541   0 541   0 541   0   0   0   0 541 541 541   0 643   0 643   0 541 541   0 584 584 584 584 584 584 584   0   0 631 631 631   0   0 631 631   0 631   0 644   0 622   0   0 622 622 622 622   0   0 547 547 547 547 547 547 547 547 547 547 547   0 611   0 522 522 522 522 522   0   0   0   0 522 522 522   0   0 522   0 522 522   0   0   0 634 634   0 634 634   0 645 645
639   0   0   0 640 640   0   0   0   0   0   0   0   0 598 598 598 598   0   0 598   0   0 646 646   0   0   0 641 641   0   0 647   0 541 541 541 541   0 541   0   0 648 648   0 541   0   0 643 643 643   0 541   0   0   0   0   0 584 584 584   0 649   0   0 631 631 631 631 631 631   0 631   0   0   0   0   0 650   0   0   0   0 547 547 547 547   0 547 547 547 547 547 547 547   0   0 611   0 522 522 522   0   0   0 651 651 651   0   0 522   0   0   0 522 522 522   0   0 652   0 634   0 634   0   0   0   0
 
id 	size 
2	1	0
3	140	0
4	4	0
5	15	0
6	41	0
7	1	0
8	6	0
9	1	0
10	1	0
11	2	0
12	11	0
13	3	0
14	1	0
15	1	0
16	8	0
17	8	0
18	1	0
19	9	0
20	74	0
21	34	0
22	6	0
23	1	0
24	2	0
25	778	0
26	4	0
27	5	0
28	10	0
29	1	0
30	1	0
31	26	0
32	1	0
33	1	0
34	13	0
35	1	0
36	1	0
37	1	0
38	1	0
39	4	0
40	78	0
41	3	0
42	1	0
43	1	0
44	2	0
45	1	0
46	1	0
47	1	0
48	1	0
49	15	0
50	55	0
51	1	0
52	3	0
53	1	0
54	5	0
55	1	0
56	2	0
57	1	0
58	1	0
59	2	0
60	2	0
61	537	0
62	1	0
63	1	0
64	1	0
65	2	0
66	1	0
67	6	0
68	1	0
69	556	0
70	3	0
71	1	0
72	1	0
73	1	0
74	1	0
75	28	0
76	2	0
77	1	0
78	1	0
79	1	0
80	2	0
81	3	0
82	1	0
83	1	0
84	12	0
85	4	0
86	1	0
87	2	0
88	1	0
89	9	0
90	1	0
91	1	0
92	1	0
93	1	0
94	4	0
95	1	0
96	2	0
97	1	0
98	2	0
99	2	0
100	6	0
101	1	0
102	58	0
103	1	0
104	2	0
105	1	0
106	21	0
107	1	0
108	50	0
109	1	0
110	1	0
111	4	0
112	3	0
113	1	0
114	9	0
115	2	0
116	4	0
117	1	0
118	1	0
119	1	0
120	1	0
121	6	0
122	5	0
123	2	0
124	1	0
125	1	0
126	2	0
127	1	0
128	1	0
129	1	0
130	45	0
131	13	0
132	1	0
133	1	0
134	6	0
135	1	0
136	1	0
137	2	0
138	1	0
139	4	0
140	7	0
141	2	0
142	1	0
143	6	0
144	110	0
145	1	0
146	1	0
147	37	0
148	1	0
149	13	0
150	2	0
151	2	0
152	115	0
153	1	0
154	1	0
155	1	0
156	1	0
157	1	0
158	1	0
159	12	0
160	1	0
161	1	0
162	1	0
163	16	0
164	1	0
165	8	0
166	1	0
167	1	0
168	1	0
169	3	0
170	212	0
171	1	0
172	11	0
173	1	0
174	1	0
175	10	0
176	3	0
177	3	0
178	1	0
179	5	0
180	1	0
181	14	0
182	1	0
183	1	0
184	9	0
185	1	0
186	1	0
187	1	0
188	1	0
189	1	0
190	6	0
191	1	0
192	2	0
193	11	0
194	1	0
195	4	0
196	22	0
197	4	0
198	23	0
199	1	0
200	1	0
201	2	0
202	23	0
203	7	0
204	1	0
205	1	0
206	1	0
207	82	0
208	1	0
209	3	0
210	1	0
211	1	0
212	1	0
213	1	0
214	1	0
215	1	0
216	1	0
217	1015	0
218	1	0
219	1	0
220	1	0
221	4	0
222	1	0
223	1	0
224	1	0
225	1	0
226	1	0
227	7	0
228	1	0
229	1	0
230	1	0
231	1	0
232	1	0
233	7	0
234	11	0
235	1	0
236	1	0
237	1	0
238	1	0
239	2	0
240	1	0
241	1	0
242	1	0
243	1	0
244	1	0
245	2	0
246	12	0
247	1	0
248	1	0
249	6	0
250	1	0
251	44	0
252	1	0
253	1	0
254	1	0
255	2	0
256	20	0
257	2	0
258	1	0
259	1	0
260	2	0
261	2	0
262	11	0
263	1	0
264	4	0
265	3	0
266	1	0
267	1	0
268	5	0
269	2	0
270	1	0
271	1	0
272	6	0
273	67	0
274	296	0
275	1	0
276	8	0
277	2	0
278	1	0
279	4	0
280	3	0
281	1	0
282	1	0
283	2	0
284	1	0
285	1	0
286	6	0
287	1	0
288	270	0
289	1	0
290	2	0
291	1	0
292	3	0
293	1	0
294	16	0
295	7	0
296	1	0
297	26	0
298	1	0
299	2	0
300	75	0
301	1	0
302	1	0
303	2	0
304	66	0
305	7	0
306	2	0
307	1	0
308	1	0
309	2	0
310	1	0
311	3	0
312	1	0
313	1	0
314	1	0
315	1	0
316	1	0
317	1	0
318	8	0
319	1	0
320	1	0
321	1	0
322	1	0
323	21	0
324	2	0
325	23	0
326	1	0
327	1	0
328	1	0
329	48	0
330	2	0
331	1	0
332	1	0
333	7	0
334	2	0
335	5	0
336	1	0
337	1	0
338	1	0
339	5	0
340	6	0
341	1	0
342	50	0
343	1	0
344	26	0
345	18	0
346	2	0
347	9	0
348	1	0
349	2	0
350	1	0
351	1	0
352	1	0
353	1	0
354	1	0
355	1	0
356	3	0
357	1	0
358	1	0
359	94	0
360	3	0
361	3	0
362	1	0
363	3	0
364	2	0
365	1	0
366	2	0
367	1	0
368	4	0
369	1	0
370	2	0
371	4	0
372	5	0
373	1	0
374	5	0
375	1	0
376	2	0
377	1	0
378	1	0
379	3	0
380	1	0
381	1	0
382	4	0
383	5	0
384	6	0
385	7	0
386	1	0
387	738	0
388	1	0
389	1	0
390	1	0
391	1	0
392	1	0
393	2	0
394	1	0
395	2	0
396	2	0
397	2	0
398	1	0
399	1	0
400	3	0
401	1	0
402	44	0
403	3	0
404	1	0
405	1	0
406	3	0
407	1	0
408	1	0
409	4	0
410	3	0
411	1	0
412	29	0
413	1	0
414	1	0
415	1	0
416	1	0
417	30	0
418	1	0
419	1	0
420	3	0
421	37	0
422	3	0
423	1	0
424	1	0
425	1	0
426	2	0
427	1	0
428	1	0
429	2	0
430	1	0
431	2	0
432	2	0
433	1	0
434	1	0
435	3	0
436	2	0
437	9	0
438	1	0
439	1	0
440	1	0
441	5	0
442	5	0
443	1	0
444	1	0
445	2	0
446	245	0
447	1	0
448	1	0
449	1	0
450	1	0
451	1	0
452	1	0
453	7	0
454	2	0
455	39	0
456	1	0
457	14	0
458	1	0
459	9	0
460	1	0
461	6	0
462	3	0
463	1	0
464	83	0
465	1	0
466	1	0
467	1	0
468	1	0
469	1	0
470	1	0
471	2	0
472	4	0
473	46	0
474	1	0
475	2	0
476	1	0
477	1	0
478	2	0
479	1	0
480	6	0
481	1	0
482	1	0
483	1	0
484	5	0
485	1	0
486	1	0
487	3	0
488	1	0
489	1	0
490	5	0
491	25	0
492	178	0
493	1	0
494	1	0
495	21	0
496	1	0
497	1	0
498	2	0
499	1	0
500	3	0
501	1	0
502	1	0
503	48	0
504	17	0
505	42	0
506	2	0
507	1	0
508	10	0
509	1	0
510	1	0
511	1	0
512	3	0
513	1	0
514	17	0
515	8	0
516	1	0
517	3	0
518	1	0
519	1	0
520	1	0
521	1	0
522	214	0
523	1	0
524	1	0
525	1	0
526	1	0
527	1	0
528	6	0
529	13	0
530	1	0
531	1	0
532	6	0
533	7	0
534	1	0
535	2	0
536	5	0
537	6	0
538	1	0
539	1	0
540	3	0
541	275	0
542	1	0
543	5	0
544	1	0
545	1	0
546	1	0
547	171	0
548	5	0
549	3	0
550	1	0
551	5	0
552	5	0
553	8	0
554	1	0
555	6	0
556	1	0
557	7	0
558	13	0
559	2	0
560	1	0
561	1	0
562	1	0
563	1	0
564	1	0
565	4	0
566	1	0
567	1	0
568	2	0
569	8	0
570	6	0
571	2	0
572	1	0
573	1	0
574	10	0
575	1	0
576	2	0
577	2	0
578	1	0
579	1	0
580	3	0
581	4	0
582	1	0
583	1	0
584	56	0
585	10	0
586	1	0
587	4	0
588	1	0
589	1	0
590	18	0
591	13	0
592	1	0
593	1	0
594	6	0
595	2	0
596	1	0
597	1	0
598	63	0
599	1	0
600	1	0
601	9	0
602	1	0
603	2	0
604	20	0
605	1	0
606	1	0
607	1	0
608	12	0
609	1	0
610	10	0
611	17	0
612	1	0
613	1	0
614	1	0
615	1	0
616	1	0
617	1	0
618	2	0
619	1	0
620	2	0
621	1	0
622	24	0
623	1	0
624	1	0
625	10	0
626	1	0
627	12	0
628	5	0
629	13	0
630	1	0
631	26	0
632	1	0
633	1	0
634	15	0
635	1	0
636	1	0
637	1	0
638	1	0
639	3	0
640	5	0
641	9	0
642	1	0
643	5	0
644	1	0
645	2	0
646	2	0
647	1	0
648	2	0
649	1	0
650	1	0
651	3	0
652	1	0
