size 	Prob 	l_cl_mean 	l_cl_dvi 	perc_mean 	perc_dvi 
32	5.40000014e-02	0.00000000e+00	0.00000000e+00	 0.00000000e+00	0.00000000e+00
32	1.08000003e-01	0.00000000e+00	0.00000000e+00	 0.00000000e+00	0.00000000e+00
32	1.62000000e-01	0.00000000e+00	0.00000000e+00	 0.00000000e+00	0.00000000e+00
32	2.16000006e-01	0.00000000e+00	0.00000000e+00	 0.00000000e+00	0.00000000e+00
32	2.70000011e-01	0.00000000e+00	0.00000000e+00	 0.00000000e+00	0.00000000e+00
32	3.24000001e-01	0.00000000e+00	0.00000000e+00	 0.00000000e+00	0.00000000e+00
32	3.77999991e-01	0.00000000e+00	0.00000000e+00	 0.00000000e+00	0.00000000e+00
32	4.31999981e-01	0.00000000e+00	0.00000000e+00	 0.00000000e+00	0.00000000e+00
32	4.85999972e-01	0.00000000e+00	0.00000000e+00	 0.00000000e+00	0.00000000e+00
32	5.49999952e-01	3.92578125e-02	9.43762127e-03	 1.50000000e-01	1.34210526e-01
32	5.59999943e-01	7.04101562e-02	1.61945845e-02	 2.50000000e-01	1.97368421e-01
32	5.69999933e-01	9.60937500e-02	2.39764163e-02	 3.00000000e-01	2.21052632e-01
32	5.79999924e-01	1.51025391e-01	3.75994908e-02	 4.00000000e-01	2.52631579e-01
32	5.89999914e-01	1.98437500e-01	4.30475135e-02	 5.00000000e-01	2.63157895e-01
32	5.99999905e-01	2.91259766e-01	3.54234670e-02	 7.50000000e-01	1.97368421e-01
32	6.09999895e-01	3.20898438e-01	4.07501421e-02	 7.50000000e-01	1.97368421e-01
32	6.19999886e-01	3.94873047e-01	3.72051716e-02	 8.50000000e-01	1.34210526e-01
32	6.29999876e-01	4.41210938e-01	3.91516033e-02	 8.50000000e-01	1.34210526e-01
32	6.39999866e-01	5.04199219e-01	2.12534955e-02	 9.50000000e-01	5.00000000e-02
32	6.49999857e-01	5.54003906e-01	7.44971225e-03	 1.00000000e+00	0.00000000e+00
32	6.94999874e-01	6.61328125e-01	6.51771144e-04	 1.00000000e+00	0.00000000e+00
32	7.29999900e-01	7.13281250e-01	3.62938329e-04	 1.00000000e+00	0.00000000e+00
32	7.64999926e-01	7.54101563e-01	2.27135106e-04	 1.00000000e+00	0.00000000e+00
32	7.99999952e-01	7.93847656e-01	1.99860021e-04	 1.00000000e+00	0.00000000e+00
32	8.34999979e-01	8.29736328e-01	1.06437583e-04	 1.00000000e+00	0.00000000e+00
32	8.70000005e-01	8.68798828e-01	5.03213782e-05	 1.00000000e+00	0.00000000e+00
32	9.05000031e-01	9.03271484e-01	4.50209567e-05	 1.00000000e+00	0.00000000e+00
32	9.40000057e-01	9.38476562e-01	4.86875835e-05	 1.00000000e+00	0.00000000e+00
32	9.75000083e-01	9.74072266e-01	2.11289054e-05	 1.00000000e+00	0.00000000e+00
64	5.40000014e-02	0.00000000e+00	0.00000000e+00	 0.00000000e+00	0.00000000e+00
64	1.08000003e-01	0.00000000e+00	0.00000000e+00	 0.00000000e+00	0.00000000e+00
64	1.62000000e-01	0.00000000e+00	0.00000000e+00	 0.00000000e+00	0.00000000e+00
64	2.16000006e-01	0.00000000e+00	0.00000000e+00	 0.00000000e+00	0.00000000e+00
64	2.70000011e-01	0.00000000e+00	0.00000000e+00	 0.00000000e+00	0.00000000e+00
64	3.24000001e-01	0.00000000e+00	0.00000000e+00	 0.00000000e+00	0.00000000e+00
64	3.77999991e-01	0.00000000e+00	0.00000000e+00	 0.00000000e+00	0.00000000e+00
64	4.31999981e-01	0.00000000e+00	0.00000000e+00	 0.00000000e+00	0.00000000e+00
64	4.85999972e-01	0.00000000e+00	0.00000000e+00	 0.00000000e+00	0.00000000e+00
64	5.49999952e-01	9.81445313e-03	1.92646980e-03	 5.00000000e-02	5.00000000e-02
64	5.59999943e-01	4.39575195e-02	8.27390567e-03	 2.00000000e-01	1.68421053e-01
64	5.69999933e-01	6.23413086e-02	1.26719241e-02	 2.50000000e-01	1.97368421e-01
64	5.79999924e-01	1.38012695e-01	2.60701123e-02	 4.50000000e-01	2.60526316e-01
64	5.89999914e-01	2.22778320e-01	2.73047592e-02	 7.00000000e-01	2.21052632e-01
64	5.99999905e-01	2.62512207e-01	3.65815406e-02	 7.00000000e-01	2.21052632e-01
64	6.09999895e-01	3.47583008e-01	2.91435850e-02	 8.50000000e-01	1.34210526e-01
64	6.19999886e-01	4.23657227e-01	2.82073906e-02	 9.00000000e-01	9.47368421e-02
64	6.29999876e-01	5.12963867e-01	7.90264042e-03	 1.00000000e+00	0.00000000e+00
64	6.39999866e-01	5.63757324e-01	1.11096329e-03	 1.00000000e+00	0.00000000e+00
64	6.49999857e-01	5.87402344e-01	7.48144953e-04	 1.00000000e+00	0.00000000e+00
64	6.94999874e-01	6.72644043e-01	2.07733324e-04	 1.00000000e+00	0.00000000e+00
64	7.29999900e-01	7.21704102e-01	7.61176410e-05	 1.00000000e+00	0.00000000e+00
64	7.64999926e-01	7.59997559e-01	5.59560562e-05	 1.00000000e+00	0.00000000e+00
64	7.99999952e-01	7.97729492e-01	4.22910640e-05	 1.00000000e+00	0.00000000e+00
64	8.34999979e-01	8.33728027e-01	2.81614693e-05	 1.00000000e+00	0.00000000e+00
64	8.70000005e-01	8.70104980e-01	2.32299692e-05	 1.00000000e+00	0.00000000e+00
64	9.05000031e-01	9.05358887e-01	1.78015546e-05	 1.00000000e+00	0.00000000e+00
64	9.40000057e-01	9.40600586e-01	1.19968465e-05	 1.00000000e+00	0.00000000e+00
64	9.75000083e-01	9.75085449e-01	4.99094787e-06	 1.00000000e+00	0.00000000e+00
128	5.40000014e-02	0.00000000e+00	0.00000000e+00	 0.00000000e+00	0.00000000e+00
128	1.08000003e-01	0.00000000e+00	0.00000000e+00	 0.00000000e+00	0.00000000e+00
128	1.62000000e-01	0.00000000e+00	0.00000000e+00	 0.00000000e+00	0.00000000e+00
128	2.16000006e-01	0.00000000e+00	0.00000000e+00	 0.00000000e+00	0.00000000e+00
128	2.70000011e-01	0.00000000e+00	0.00000000e+00	 0.00000000e+00	0.00000000e+00
128	3.24000001e-01	0.00000000e+00	0.00000000e+00	 0.00000000e+00	0.00000000e+00
128	3.77999991e-01	0.00000000e+00	0.00000000e+00	 0.00000000e+00	0.00000000e+00
128	4.31999981e-01	0.00000000e+00	0.00000000e+00	 0.00000000e+00	0.00000000e+00
128	4.85999972e-01	0.00000000e+00	0.00000000e+00	 0.00000000e+00	0.00000000e+00
128	5.49999952e-01	0.00000000e+00	0.00000000e+00	 0.00000000e+00	0.00000000e+00
128	5.59999943e-01	0.00000000e+00	0.00000000e+00	 0.00000000e+00	0.00000000e+00
128	5.69999933e-01	0.00000000e+00	0.00000000e+00	 0.00000000e+00	0.00000000e+00
128	5.79999924e-01	6.08581543e-02	1.66502285e-02	 2.00000000e-01	1.68421053e-01
128	5.89999914e-01	1.87438965e-01	2.53513663e-02	 6.50000000e-01	2.39473684e-01
128	5.99999905e-01	2.98550415e-01	2.89253637e-02	 8.00000000e-01	1.68421053e-01
128	6.09999895e-01	3.61312866e-01	3.11023989e-02	 8.50000000e-01	1.34210526e-01
128	6.19999886e-01	4.75021362e-01	4.08784099e-03	 1.00000000e+00	0.00000000e+00
128	6.29999876e-01	5.38201904e-01	7.32078717e-04	 1.00000000e+00	0.00000000e+00
128	6.39999866e-01	5.79071045e-01	2.22726284e-04	 1.00000000e+00	0.00000000e+00
128	6.49999857e-01	6.06256104e-01	1.49083334e-04	 1.00000000e+00	0.00000000e+00
128	6.94999874e-01	6.78329468e-01	2.01796525e-05	 1.00000000e+00	0.00000000e+00
128	7.29999900e-01	7.21334839e-01	2.26106593e-05	 1.00000000e+00	0.00000000e+00
128	7.64999926e-01	7.60601807e-01	1.39553688e-05	 1.00000000e+00	0.00000000e+00
128	7.99999952e-01	7.98040771e-01	9.67552003e-06	 1.00000000e+00	0.00000000e+00
128	8.34999979e-01	8.33999634e-01	7.74973121e-06	 1.00000000e+00	0.00000000e+00
128	8.70000005e-01	8.69400024e-01	8.89829703e-06	 1.00000000e+00	0.00000000e+00
128	9.05000031e-01	9.05191040e-01	9.26510088e-06	 1.00000000e+00	0.00000000e+00
128	9.40000057e-01	9.40054321e-01	6.07272316e-06	 1.00000000e+00	0.00000000e+00
128	9.75000083e-01	9.74948120e-01	1.99066769e-06	 1.00000000e+00	0.00000000e+00
256	5.40000014e-02	0.00000000e+00	0.00000000e+00	 0.00000000e+00	0.00000000e+00
256	1.08000003e-01	0.00000000e+00	0.00000000e+00	 0.00000000e+00	0.00000000e+00
256	1.62000000e-01	0.00000000e+00	0.00000000e+00	 0.00000000e+00	0.00000000e+00
256	2.16000006e-01	0.00000000e+00	0.00000000e+00	 0.00000000e+00	0.00000000e+00
256	2.70000011e-01	0.00000000e+00	0.00000000e+00	 0.00000000e+00	0.00000000e+00
256	3.24000001e-01	0.00000000e+00	0.00000000e+00	 0.00000000e+00	0.00000000e+00
256	3.77999991e-01	0.00000000e+00	0.00000000e+00	 0.00000000e+00	0.00000000e+00
256	4.31999981e-01	0.00000000e+00	0.00000000e+00	 0.00000000e+00	0.00000000e+00
256	4.85999972e-01	0.00000000e+00	0.00000000e+00	 0.00000000e+00	0.00000000e+00
256	5.49999952e-01	0.00000000e+00	0.00000000e+00	 0.00000000e+00	0.00000000e+00
256	5.59999943e-01	0.00000000e+00	0.00000000e+00	 0.00000000e+00	0.00000000e+00
256	5.69999933e-01	0.00000000e+00	0.00000000e+00	 0.00000000e+00	0.00000000e+00
256	5.79999924e-01	1.50482178e-02	4.52897716e-03	 5.00000000e-02	5.00000000e-02
256	5.89999914e-01	1.04910278e-01	1.98025903e-02	 4.00000000e-01	2.52631579e-01
256	5.99999905e-01	3.00916290e-01	2.76475038e-02	 8.00000000e-01	1.68421053e-01
256	6.09999895e-01	4.77330017e-01	7.09859118e-04	 1.00000000e+00	0.00000000e+00
256	6.19999886e-01	5.25894928e-01	2.87995367e-04	 1.00000000e+00	0.00000000e+00
256	6.29999876e-01	5.61194611e-01	1.03461225e-04	 1.00000000e+00	0.00000000e+00
256	6.39999866e-01	5.87005615e-01	7.63962683e-05	 1.00000000e+00	0.00000000e+00
256	6.49999857e-01	6.09272766e-01	1.95230480e-05	 1.00000000e+00	0.00000000e+00
256	6.94999874e-01	6.79146576e-01	6.76773672e-06	 1.00000000e+00	0.00000000e+00
256	7.29999900e-01	7.21758270e-01	5.21408970e-06	 1.00000000e+00	0.00000000e+00
256	7.64999926e-01	7.60317993e-01	3.33831597e-06	 1.00000000e+00	0.00000000e+00
256	7.99999952e-01	7.97383881e-01	2.75277569e-06	 1.00000000e+00	0.00000000e+00
256	8.34999979e-01	8.33494568e-01	1.81107684e-06	 1.00000000e+00	0.00000000e+00
256	8.70000005e-01	8.69125366e-01	1.50077731e-06	 1.00000000e+00	0.00000000e+00
256	9.05000031e-01	9.04517365e-01	1.24068036e-06	 1.00000000e+00	0.00000000e+00
256	9.40000057e-01	9.39648438e-01	1.07262872e-06	 1.00000000e+00	0.00000000e+00
256	9.75000083e-01	9.74900818e-01	4.50218489e-07	 1.00000000e+00	0.00000000e+00
512	5.40000014e-02	0.00000000e+00	0.00000000e+00	 0.00000000e+00	0.00000000e+00
512	1.08000003e-01	0.00000000e+00	0.00000000e+00	 0.00000000e+00	0.00000000e+00
512	1.62000000e-01	0.00000000e+00	0.00000000e+00	 0.00000000e+00	0.00000000e+00
512	2.16000006e-01	0.00000000e+00	0.00000000e+00	 0.00000000e+00	0.00000000e+00
512	2.70000011e-01	0.00000000e+00	0.00000000e+00	 0.00000000e+00	0.00000000e+00
512	3.24000001e-01	0.00000000e+00	0.00000000e+00	 0.00000000e+00	0.00000000e+00
512	3.77999991e-01	0.00000000e+00	0.00000000e+00	 0.00000000e+00	0.00000000e+00
512	4.31999981e-01	0.00000000e+00	0.00000000e+00	 0.00000000e+00	0.00000000e+00
512	4.85999972e-01	0.00000000e+00	0.00000000e+00	 0.00000000e+00	0.00000000e+00
512	5.49999952e-01	0.00000000e+00	0.00000000e+00	 0.00000000e+00	0.00000000e+00
512	5.59999943e-01	0.00000000e+00	0.00000000e+00	 0.00000000e+00	0.00000000e+00
512	5.69999933e-01	0.00000000e+00	0.00000000e+00	 0.00000000e+00	0.00000000e+00
512	5.79999924e-01	0.00000000e+00	0.00000000e+00	 0.00000000e+00	0.00000000e+00
512	5.89999914e-01	9.86124039e-02	1.21792846e-02	 5.00000000e-01	2.63157895e-01
512	5.99999905e-01	3.81619453e-01	4.18458633e-03	 1.00000000e+00	0.00000000e+00
512	6.09999895e-01	4.99468994e-01	1.11424432e-04	 1.00000000e+00	0.00000000e+00
512	6.19999886e-01	5.41766548e-01	4.16610783e-05	 1.00000000e+00	0.00000000e+00
512	6.29999876e-01	5.71463203e-01	2.70496075e-05	 1.00000000e+00	0.00000000e+00
512	6.39999866e-01	5.94799042e-01	1.82982323e-05	 1.00000000e+00	0.00000000e+00
512	6.49999857e-01	6.14502144e-01	8.11436311e-06	 1.00000000e+00	0.00000000e+00
512	6.94999874e-01	6.80595779e-01	2.47027477e-06	 1.00000000e+00	0.00000000e+00
512	7.29999900e-01	7.22679710e-01	1.52603373e-06	 1.00000000e+00	0.00000000e+00
512	7.64999926e-01	7.61106491e-01	1.43667919e-06	 1.00000000e+00	0.00000000e+00
512	7.99999952e-01	7.97954941e-01	8.81066233e-07	 1.00000000e+00	0.00000000e+00
512	8.34999979e-01	8.33958244e-01	7.19373585e-07	 1.00000000e+00	0.00000000e+00
512	8.70000005e-01	8.69430733e-01	7.21329975e-07	 1.00000000e+00	0.00000000e+00
512	9.05000031e-01	9.04625511e-01	4.18637577e-07	 1.00000000e+00	0.00000000e+00
512	9.40000057e-01	9.39681244e-01	2.41162917e-07	 1.00000000e+00	0.00000000e+00
512	9.75000083e-01	9.74950600e-01	9.98927326e-08	 1.00000000e+00	0.00000000e+00
